60,7,535.53,536.47,335.92,857.55,1
60,8,570.74,536.47,335.92,857.55,1
60,9,535.53,536.47,414.48,857.55,1
60,10,614.09,534.21,335.92,857.55,1
60,11,619.51,538.72,335.92,857.55,1
60,12,727.87,536.47,335.92,816.93,1
60,13,733.28,529.7,335.92,821.44,1
60,14,700.78,552.26,335.92,857.55,1
60,14,1925.2,258.89,116.49,212.13,1
60,15,700.78,552.26,335.92,857.55,1
60,16,700.78,552.26,335.92,857.55,1
60,17,700.78,552.26,335.92,857.55,1
60,18,700.78,552.26,335.92,857.55,1
60,19,700.78,552.26,335.92,857.55,1
60,20,700.78,552.26,335.92,857.55,1
60,21,700.78,552.26,335.92,857.55,1
60,22,700.78,552.26,335.92,857.55,1
60,23,700.78,552.26,335.92,857.55,1
60,24,700.78,552.26,335.92,857.55,1
60,25,700.78,552.26,335.92,857.55,1
60,26,876.86,538.72,289.86,871.09,1
60,27,1161.3,570.32,381.97,880.11,1
60,27,884.99,538.72,381.97,1061.8,1
60,28,1136.9,739.57,463.24,860.93,1
60,28,608.67,942.67,774.77,657.83,1
60,29,587,1213.5,655.58,387.02,1
60,29,665.56,518.41,346.75,900.42,1
60,30,968.97,491.33,381.97,965.87,1
60,31,1364.5,441.68,297.99,904.94,1
60,31,741.41,538.72,457.82,902.68,1
60,32,1467.4,367.21,265.48,697.32,1
60,32,890.4,581.6,493.04,1018.9,1
60,33,1592,337.88,203.17,579.97,1
60,33,806.43,890.77,739.56,709.73,1
60,34,1694.5,326.48,157.57,476.28,1
60,35,1769.2,301.03,128.9,434.03,1
60,36,1819.6,284.72,127.92,382.64,1
60,37,1855.1,274.02,127.02,335.1,1
60,38,1887.3,265.07,106.55,309.76,1
60,39,1906.5,258.92,102.45,275.29,1
60,40,1914.4,256.64,100.23,252.75,1
60,41,1965.9,254.38,81.27,236.95,1
60,41,592.42,755.37,717.88,845.13,1
60,42,1979.4,256.64,73.143,239.21,1
60,42,844.35,520.67,417.19,999.72,1
60,43,1982.1,254.38,83.979,252.75,1
60,43,711.61,502.62,400.93,866.57,1
60,44,1987.5,262.5,97.524,271.71,1
60,45,1995.7,270.63,96.043,297.13,1
60,45,689.94,511.64,330.5,907.19,1
60,46,1967.4,278.75,120.09,327.76,1
60,46,765.79,511.64,468.66,1002,1
60,47,1942,286.88,129.86,363.98,1
60,47,1028.6,486.82,428.02,1022.3,1
60,48,1906.3,295,138.16,406.21,1
60,48,1356.4,388.65,365.71,847.39,1
60,49,1865.6,292.74,121.9,385.9,1
60,49,1581.2,344.65,265.48,672.5,1
60,50,1895.4,295,121.9,347.53,1
60,50,1646.2,349.16,246.52,640.9,1
60,51,1920.7,285.22,167.05,315.19,1
60,51,1570.4,397.52,325.08,743.74,1
60,52,1959.6,273.18,133.64,282.84,1
60,52,1502.6,411.74,265.48,808.51,1
60,53,1971.3,265.66,94.815,250.49,1
60,53,1648.9,378.3,262.3,702.03,1
60,54,2055.3,263.41,94.815,232.44,1
60,54,1732.9,328.85,227.56,550.63,1
60,55,1794.9,299.76,184.51,469.14,1
60,56,1834.9,283.72,152.61,389.66,1
60,57,1844,273.69,124.61,330.48,1
60,58,1858.1,262.9,115.88,291.62,1
60,59,1884.6,252.12,105.65,266.29,1
60,60,1971.3,252.12,89.397,243.72,1
60,80,622.21,522.93,338.62,877.86,1
60,81,622.21,522.93,338.62,877.86,1
60,82,733.28,513.9,376.55,889.14,1
60,83,741.41,522.93,552.63,990.69,1
60,84,863.31,522.93,563.47,990.69,1
60,85,863.31,536.47,595.98,1040.3,1
60,86,941.88,563.55,400.93,1037,1
60,87,1139.6,509.39,371.13,1037,1
60,88,1405.1,421.37,406.35,990.69,1
60,89,1647.5,364.96,295.44,699.58,1
60,90,1765.4,315.31,216.72,532.58,1
60,91,1822.8,286.99,164.86,416.24,1
60,92,1862,265.3,124.87,350.16,1
60,93,1876.5,256.64,108.36,293.37,1
60,94,1919.8,261.15,94.815,250.49,1
60,95,1968.6,258.89,116.49,241.47,1
60,106,1995.7,258.89,81.27,225.67,1
60,107,1819.6,245.35,81.27,225.67,1
60,130,359.44,1023.9,650.16,575.46,1
60,131,1080,550.01,585.14,1050.5,1
60,132,1491.8,389.78,346.75,823.7,1
60,133,1711.2,333.36,227.56,602.54,1
60,134,1800.6,313.96,176.08,488.8,1
60,135,1846.8,295,138.05,394.92,1
60,136,1871.6,269.2,115.41,332.71,1
60,137,1881.9,256.64,105.65,293.37,1
60,138,1925.2,256.64,97.524,250.49,1
60,139,2006.5,265.66,105.65,234.7,1
60,150,1578.5,335.62,224.85,584.49,1
60,151,1616.4,441.68,335.92,841.75,1
60,152,1180.3,960.73,723.3,638.65,1
60,157,741.41,1037.5,571.6,563.05,1
60,158,1128.8,480.05,617.65,1114.8,1
60,159,1524.3,351.42,246.52,677.01,1
60,160,1386.2,285.97,257.35,559.66,1
60,171,670.98,747.25,668.99,852.01,1
60,172,1244.8,489.66,431.13,1074.9,1
60,173,1592.7,397.35,252.73,795.72,1
60,174,1744.3,328.16,208.13,597.42,1
60,175,1803.8,294,178.4,473.07,1
60,176,1812.7,285.49,166.5,394.49,1
60,177,1857.3,279.14,139.74,336.84,1
60,178,1901.9,259.32,107.92,297.56,1
60,179,1937.6,259.32,89.199,247.68,1
60,179,1973.3,249.42,98.118,237.77,1
60,180,2020.8,266.75,89.199,235.29,1
60,180,1865.7,243.1,81.074,247.67,1
60,181,1841.3,247.85,84.381,274.09,1
60,182,1846,256.63,97.53,312.14,1
60,183,1818.7,261.53,122.57,356.93,1
60,184,1768.1,273.28,133.5,397.19,1
60,185,1702.7,289.62,185.71,477.44,1
60,186,1643.2,311.34,208.13,591.95,1
60,187,1580.8,331.15,243.81,708.36,1
60,188,1447,410.41,291.38,946.13,1
60,189,1102.1,588.74,431.13,1011.8,1
60,190,244.27,1112.7,772.8,487.82,1
60,209,1768.1,254.37,118.93,317.03,1
60,210,1780,256.85,151.64,304.64,1
60,211,1833.5,256.85,104.07,304.64,1
60,212,1890,256.85,104.07,287.31,1
60,213,1949.5,249.42,104.07,260.06,1
60,336,247.99,1481.2,337.34,119.34,1
60,337,1026.7,631.32,441.38,969.18,1
60,338,1392.4,450.34,305.81,928.52,1
60,339,1660.4,382.14,220.69,692.46,1
60,340,1785.4,344.11,185.37,531.15,1
60,341,1837,311.32,148.18,432.79,1
60,342,1872.7,288.73,122.55,354.34,1
60,343,1897.2,271.32,97.369,304.92,1
60,344,1906.3,264.11,94.581,270.16,1
60,345,1966.2,264.11,85.123,246.56,1
60,346,2041.9,266.73,85.123,236.07,1
60,367,1956.8,261.48,113.5,243.93,1
60,368,1900,266.73,113.5,270.16,1
60,369,1874.8,269.35,113.5,314.75,1
60,370,1840.1,285.09,122.96,361.97,1
60,371,1799.1,303.45,138.72,451.15,1
60,372,1739.2,332.3,173.4,561.31,1
60,373,1622.6,392.63,217.54,729.18,1
60,374,1395.6,508.04,321.58,1033.4,1
60,374,1946.5,267.17,116.36,214.35,1
60,375,850.16,885.75,548.57,714.75,1
60,397,1986.3,264.61,94.928,211.8,1
60,398,1876.1,256.96,104.11,211.8,1
60,399,1876.1,256.96,104.11,211.8,1
60,400,1931.2,267.17,91.866,222.01,1
60,401,1952.7,277.37,119.43,229.67,1
60,402,1946.5,277.37,125.55,257.74,1
60,403,1909.8,287.58,162.3,285.81,1
60,404,1897.5,302.89,162.3,321.53,1
60,405,1860.8,312.08,189.24,371.04,1
60,406,1805.7,328.92,194.76,443.51,1
60,407,1741.4,361.07,237.01,541.5,1
60,408,1649.5,421.3,325.21,672.66,1
60,409,1419.8,514.69,437.89,880.38,1
60,410,1052.4,782.64,649.19,817.86,1
60,503,2039,272.36,63.21,210.78,1
60,504,1881,253.19,80.449,210.78,1
60,539,200.86,1090,363.24,510.51,1
60,540,884.1,739.24,510.27,861.26,1
60,541,1342.5,518.22,432.43,1076.3,1
60,542,1575.3,450.95,309.21,910.51,1
60,543,1725.9,378.88,250.81,732.73,1
60,543,134.55,1238.9,464.14,357.96,1
60,544,1826.8,362.06,207.57,610.21,1
60,544,863.92,902.6,645.77,694.29,1
60,545,1852.8,318.82,181.62,531.85,1
60,545,1201.2,671.97,559.28,924.92,1
60,546,1849.9,306.81,158.56,458.86,1
60,546,1501,539.84,573.69,1057.1,1
60,547,1898.9,299.6,142.41,374.77,1
60,547,1622.1,462.96,458.38,879.28,1
60,548,1953.7,287.59,88.793,369.97,1
60,548,1671.1,414.91,412.25,773.57,1
60,549,1913.3,293.83,110.13,373.33,1
60,549,1723,383.68,276.76,699.1,1
60,550,1792.2,299.6,144.14,355.56,1
60,550,1702.8,357.26,262.34,627.03,1
60,551,1702.8,297.2,152.79,458.86,1
60,551,1838.3,354.85,196.04,627.03,1
60,552,1645.1,316.42,190.34,528.53,1
60,552,1783.6,370.53,262.34,657,1
60,553,1564.5,342.74,201.57,629.54,1
60,553,1731.7,395.7,259.46,747.15,1
60,554,1403,390.89,256.58,766.37,1
60,554,1633.7,431.73,334.41,821.62,1
60,555,1212.4,448.55,308.85,907,1
60,555,1600.6,511.01,399.23,987.39,1
60,556,956.18,575.88,403.6,1024.6,1
60,556,1492.4,633.53,464.14,965.77,1
60,557,345,864.16,573.69,736.34,1
60,557,1333.8,789.69,590.99,810.81,1
60,558,7.7072,1467.2,190.27,133.33,1
60,558,1046.3,1097.2,538.03,503.3,1
60,559,235.45,1078,622.7,522.52,1
60,560,4.8243,1524.8,230.63,75.676,1
60,560,837.98,890.59,905.23,709.91,1
60,561,964.82,616.72,487.21,983.78,1
60,562,933.11,580.68,455.5,1019.8,1
60,563,933.11,568.67,418.02,1031.8,1
60,564,901.4,556.66,397.84,1043.8,1
60,565,907.17,561.46,403.6,1039,1
60,566,907.17,573.47,406.49,1027,1
60,567,898.52,580.68,415.14,1019.8,1
60,568,858.16,580.68,443.96,1019.8,1
60,569,771.67,511.01,429.55,1011.4,1
60,597,1962.3,249.15,138.38,237.84,1
60,598,1835.5,239.54,77.838,225.83,1
60,602,1847,237.14,132.61,223.42,1
60,602,659.06,489.53,475.68,968.17,1
60,603,2048.8,249.15,123.96,235.44,1
60,603,837.98,491.79,475.68,970.57,1
60,604,837.98,506.21,481.44,1001.8,1
60,605,1192.6,460.56,432.43,968.17,1
60,606,1625,383.68,279.64,804.8,1
60,607,1743.2,343.91,224.86,611.55,1
60,608,1819.3,311.96,166.11,493.26,1
60,609,1870,289.99,147.03,413.21,1
60,610,1913.3,277.85,126.85,354.98,1
60,611,1913.3,267.92,112.43,312.76,1
60,612,1913.3,256.36,106.67,293.09,1
60,613,1959.4,258.76,106.67,254.65,1
60,614,2057.4,256.36,77.838,245.05,1
60,630,2040.1,258.76,72.072,233.03,1
60,631,1942.1,256.36,83.604,252.25,1
60,632,1890.2,258.76,112.43,295.5,1
60,633,1861.4,267.43,136.74,334.88,1
60,634,1844.1,285.18,158.56,386.79,1
60,635,1826.8,313.5,178.74,442.56,1
60,636,1780.7,335.64,216.22,552.55,1
60,637,1734.6,383.65,276.76,696.73,1
60,638,1584.6,455.76,383.42,927.33,1
60,639,1279.1,635.94,484.32,964.56,1
60,640,667.89,1349.4,472.79,251.05,1
60,697,840.86,960.26,585.23,640.24,1
60,698,1287.7,633.53,464.14,966.97,1
60,699,1578.9,499,311.35,876.88,1
60,700,1694.2,426.93,273.87,684.68,1
60,701,1783.6,376.48,219.1,540.54,1
60,702,1838.3,330.83,167.21,449.25,1
60,703,1867.2,306.81,141.26,384.73,1
60,704,1870,299.6,126.85,319.52,1
60,705,1869.9,283.46,111.74,283.8,1
60,706,1869.2,270.18,100.07,269.66,1
60,707,1867.2,261.16,95.135,245.05,1
60,708,1913.3,256.36,66.306,230.63,1
60,709,1996.9,263.56,60.541,230.63,1
60,710,2054.6,263.56,60.541,230.63,1
60,717,1950.8,251.55,100.9,257.06,1
60,718,1870,262.16,139.47,294.49,1
60,719,1847,269.65,140.35,332.65,1
60,720,1821,277.98,155.68,391.59,1
60,721,1786.4,289.99,178.74,461.26,1
60,722,1737.4,328.43,209.63,574.17,1
60,723,1587.5,388.49,282.52,739.94,1
60,724,1310.8,491.79,420.9,1009,1
60,725,830.81,786.96,589.33,813.54,1
60,728,627.53,1195.7,634.23,404.8,1
60,728,1757.6,237.14,80.721,326.73,1
60,729,97.118,1325.4,645.72,272.56,1
60,729,1766.3,239.54,144.14,326.73,1
60,730,699.6,804.1,403.6,796.4,1
60,730,1786.4,241.94,144.14,326.73,1
60,731,1281.9,491.79,299.82,992.19,1
60,731,1849.9,244.34,100.9,288.29,1
60,732,1587.5,383.68,204.68,720.72,1
60,732,1896,241.94,95.135,266.67,1
60,733,1725.4,335.64,170.63,550.15,1
60,733,2020,241.94,86.486,254.65,1
60,734,1800.9,309.21,149.91,432.43,1
60,735,1855.6,284.96,111.56,355.78,1
60,736,1872.8,267.72,95.272,305.75,1
60,737,1884.5,261.16,98.018,261.86,1
60,738,1971,258.76,74.955,233.03,1
60,774,2043,249.15,72.072,242.64,1
60,775,1861.4,246.75,98.018,211.41,1
60,775,1959.4,241.94,72.072,242.64,1
60,776,2002.7,265.97,98.018,211.41,1
60,776,1898.9,239.54,98.018,242.64,1
60,777,1821,220.32,98.018,242.64,1
60,800,1829.7,220.32,72.072,242.64,1
60,809,1939.2,251.55,72.072,221.02,1
60,825,757.26,876.18,726.49,723.12,1
60,826,1074.4,573.47,498.74,1025.8,1
60,827,889.87,515.82,507.39,1059.5,1
60,828,889.87,515.82,475.68,1059.5,1
60,829,889.87,515.82,475.68,1059.5,1
60,830,901.4,515.82,464.14,1059.5,1
60,831,953.29,525.42,478.56,1049.8,1
60,832,1034,503.8,446.85,1023.4,1
60,832,1821,222.72,74.955,237.84,1
60,833,1140.7,489.39,432.43,1037.8,1
60,833,1881.6,234.73,74.955,237.84,1
60,834,1166.6,508.61,435.32,1028.2,1
60,834,1991.1,258.76,103.78,237.84,1
60,835,1043.7,603.92,513.15,996.58,1
60,836,973.47,607.11,573.69,993.39,1
60,837,1019.6,607.11,527.57,993.39,1
60,838,1172.4,599.9,501.62,1000.6,1
60,839,1333.8,602.3,449.73,984.98,1
60,840,1333.8,602.3,449.73,984.98,1
60,841,1333.8,611.91,449.73,975.38,1
60,842,1333.8,611.91,449.73,975.38,1
60,842,2063.2,253.95,80.721,240.24,1
60,843,1310.8,623.92,472.79,963.36,1
60,843,1988.2,256.36,81.726,240.24,1
60,844,1224.3,566.27,484.32,1021,1
60,844,1956.5,263.56,89.369,264.26,1
60,845,1241.6,551.85,467.03,1035.4,1
60,845,1973.8,270.77,89.369,290.69,1
60,846,1503.9,496.6,452.61,1016.2,1
60,846,1979.6,282.78,103.78,314.71,1
60,847,1700,405.3,340.18,862.46,1
60,847,1933.5,287.59,123.96,333.93,1
60,848,1786.4,374.07,279.64,747.15,1
60,848,1904.6,294.79,147.03,348.35,1
60,849,1800.9,342.84,236.4,643.84,1
60,849,1907.5,314.01,147.03,393.99,1
60,850,1818.2,333.23,219.1,607.81,1
60,850,1907.5,323.62,155.68,506.91,1
60,851,1832.6,333.23,239.28,631.83,1
60,851,1751.9,335.64,155.68,545.35,1
60,852,1852.8,333.23,230.63,631.83,1
60,852,1610.6,338.04,219.1,595.8,1
60,853,1861.4,333.23,216.22,631.83,1
60,853,1529.9,359.66,256.58,646.25,1
60,854,1838.3,333.23,239.28,631.83,1
60,854,1529.9,359.66,175.86,670.27,1
60,855,1838.3,333.23,239.28,631.83,1
60,855,1515.5,359.66,155.68,670.27,1
60,856,1838.3,333.23,239.28,631.83,1
60,856,1515.5,359.66,155.68,670.27,1
60,856,2054.6,280.38,57.658,204.2,1
60,857,1841.2,333.23,239.28,655.86,1
60,857,1515.5,359.66,155.68,670.27,1
60,857,1919.1,246.75,72.072,216.22,1
60,858,1838.3,340.44,239.28,648.65,1
60,858,1515.5,359.66,155.68,670.27,1
60,858,2028.6,270.77,83.604,235.44,1
60,859,1838.3,345.24,239.28,643.84,1
60,859,1515.5,359.66,270.99,670.27,1
60,859,1933.5,261.16,83.604,235.44,1
60,860,1867.2,345.24,210.45,643.84,1
60,860,1429,359.66,265.23,670.27,1
60,860,1887.3,251.55,109.55,261.86,1
60,861,1757.6,352.45,276.76,679.88,1
60,861,1509.7,359.66,164.32,670.27,1
60,861,1875.8,270.77,109.55,261.86,1
60,862,1720.1,366.87,314.23,751.95,1
60,862,1509.7,359.66,164.32,670.27,1
60,862,1847,292.39,135.5,329.13,1
60,863,1774.9,366.87,285.41,751.95,1
60,863,1492.4,359.66,181.62,682.28,1
60,863,1803.7,297.2,149.91,396.4,1
60,864,1769.1,374.07,345.95,771.17,1
60,864,1469.3,386.09,253.69,744.74,1
60,864,1737.4,316.42,213.33,490.09,1
60,865,1717.3,417.32,357.48,843.24,1
60,865,1377.1,424.52,311.35,840.84,1
60,865,1639.4,347.65,262.34,619.82,1
60,866,1668.2,458.16,403.6,999.4,1
60,866,1137.8,515.82,374.77,1021,1
60,866,1547.2,381.28,270.99,787.99,1
60,867,1573.1,479.78,412.25,1120.7,1
60,867,783.2,652.75,403.6,947.75,1
60,867,1374.2,419.72,345.95,886.49,1
60,868,1573.1,499,461.26,1101.5,1
60,868,345,900.2,539.1,700.3,1
60,868,1224.3,426.93,374.77,915.32,1
60,869,1552.9,489.39,501.62,1111.1,1
60,869,1195.5,426.93,366.13,915.32,1
60,870,1541.4,489.39,501.62,1111.1,1
60,870,1195.5,426.93,366.13,915.32,1
60,871,1561.6,489.39,481.44,1111.1,1
60,871,1209.9,426.93,351.71,915.32,1
60,872,1561.6,489.39,481.44,1111.1,1
60,872,1209.9,426.93,351.71,915.32,1
60,873,1561.6,489.39,467.03,1111.1,1
60,873,1209.9,426.93,343.06,915.32,1
60,874,1561.6,489.39,467.03,1111.1,1
60,874,1209.9,426.93,343.06,915.32,1
60,875,1561.6,489.39,467.03,1111.1,1
60,875,1209.9,426.93,343.06,915.32,1
60,876,1561.6,489.39,467.03,1111.1,1
60,876,1209.9,426.93,343.06,915.32,1
60,877,1561.6,489.39,467.03,1111.1,1
60,877,1209.9,426.93,343.06,915.32,1
60,878,1561.6,489.39,467.03,1111.1,1
60,878,1209.9,426.93,343.06,915.32,1
60,879,1524.1,489.39,504.5,1111.1,1
60,879,1209.9,426.93,343.06,915.32,1
60,880,1535.6,489.39,487.21,1111.1,1
60,880,1209.9,426.93,343.06,915.32,1
60,881,1535.6,489.39,487.21,1111.1,1
60,881,1209.9,426.93,343.06,915.32,1
60,882,1535.6,489.39,487.21,1111.1,1
60,882,1209.9,426.93,343.06,915.32,1
60,883,1535.6,489.39,487.21,1111.1,1
60,883,1209.9,426.93,343.06,915.32,1
60,884,1535.6,489.39,487.21,1111.1,1
60,884,1209.9,426.93,343.06,915.32,1
60,885,1535.6,489.39,487.21,1111.1,1
60,885,1209.9,426.93,343.06,915.32,1
60,886,1544.3,489.39,478.56,1111.1,1
60,886,1209.9,426.93,343.06,915.32,1
60,886,1789.3,244.34,109.55,218.62,1
60,887,1544.3,489.39,478.56,1111.1,1
60,887,1209.9,426.93,343.06,915.32,1
60,887,1913.3,256.36,109.55,218.62,1
60,888,1544.3,489.39,478.56,1111.1,1
60,888,1209.9,426.93,343.06,915.32,1
60,888,2031.5,270.77,109.55,218.62,1
60,889,1521.2,489.39,501.62,1111.1,1
60,889,1209.9,426.93,343.06,915.32,1
60,890,1538.5,489.39,501.62,1111.1,1
60,890,1209.9,426.93,343.06,915.32,1
60,891,1529.9,489.39,504.5,1111.1,1
60,891,1209.9,426.93,343.06,915.32,1
60,892,1564.5,489.39,498.74,1111.1,1
60,892,1209.9,426.93,343.06,915.32,1
60,893,1535.6,489.39,481.44,1111.1,1
60,893,1209.9,426.93,343.06,915.32,1
60,894,1535.6,503.8,481.44,1096.7,1
60,894,1209.9,426.93,343.06,915.32,1
60,895,1535.6,503.8,481.44,1096.7,1
60,895,1209.9,426.93,343.06,915.32,1
60,896,1535.6,503.8,481.44,1096.7,1
60,896,1212.8,426.93,340.18,915.32,1
60,897,1535.6,503.8,481.44,1096.7,1
60,897,1212.8,426.93,340.18,915.32,1
60,898,1535.6,503.8,481.44,1096.7,1
60,898,1212.8,426.93,340.18,915.32,1
60,899,1535.6,503.8,481.44,1096.7,1
60,899,1212.8,426.93,340.18,915.32,1
60,900,1535.6,508.61,481.44,1091.9,1
60,900,1212.8,426.93,340.18,915.32,1
60,901,1535.6,508.61,481.44,1091.9,1
60,901,1212.8,426.93,340.18,915.32,1
60,902,1535.6,508.61,481.44,1091.9,1
60,902,1212.8,419.72,340.18,922.52,1
60,903,1550,508.61,490.09,1091.9,1
60,903,1212.8,419.72,340.18,922.52,1
60,904,1604.8,508.61,478.56,1091.9,1
60,904,1155.1,431.73,369.01,910.51,1
60,905,1619.2,523.02,490.09,1077.5,1
60,905,1155.1,410.11,311.35,932.13,1
60,905,7.7072,1366.3,221.98,230.63,1
60,905,1083,914.61,732.25,685.89,1
60,906,1619.2,515.82,490.09,1084.7,1
60,906,1155.1,410.11,265.23,932.13,1
60,906,415.3,933.28,604.3,667.22,1
60,906,1218.5,578.28,501.62,1022.2,1
60,907,1619.2,535.03,467.03,1065.5,1
60,907,1155.1,410.11,268.11,891.29,1
60,907,932.45,730.92,438.86,869.58,1
60,907,1377.1,453.35,343.06,1090.7,1
60,908,1590.4,652.75,429.55,947.75,1
60,908,1155.1,410.11,294.05,891.29,1
60,908,1281.9,547.79,325.77,921.78,1
60,908,1737.4,381.28,213.33,900.9,1
60,909,1506.8,746.45,469.91,854.05,1
60,909,1155.1,410.11,285.41,891.29,1
60,909,1512.6,454.74,268.68,738.55,1
60,909,1852.8,366.87,196.04,775.98,1
60,910,1604.8,580.68,403.6,1019.8,1
60,910,1247.3,434.13,285.41,912.91,1
60,910,1576,407.34,223.14,637.01,1
60,910,1852.8,335.64,196.04,598.2,1
60,910,356.54,1051.6,648.65,545.35,1
60,911,1613.5,525.42,438.2,1075.1,1
60,911,1345.4,424.52,311.35,922.53,1
60,911,1636.5,352.73,194.88,516.24,1
60,911,1852.8,306.81,170.09,530.93,1
60,911,719.78,655.15,510.27,941.74,1
60,912,1627.9,515.82,449.73,1084.7,1
60,912,1359.8,412.5,316.71,910.53,1
60,912,1705.7,334.16,146.45,469.95,1
60,912,1887.3,292.39,138.38,456.46,1
60,912,866.81,583.08,334.41,1013.8,1
60,913,1627.9,515.82,441.08,1084.7,1
60,913,1339.6,412.39,317.12,910.63,1
60,913,1725.9,315.58,129.73,402.03,1
60,913,1933.5,282.78,126.85,401.2,1
60,913,840.86,583.08,343.06,1013.8,1
60,914,1627.9,537.44,446.85,1063.1,1
60,914,1336.7,412.28,325.77,910.74,1
60,914,1766.3,304.22,121.66,334.12,1
60,914,1945,273.17,106.67,386.79,1
60,914,751.49,518.22,389.19,953.75,1
60,915,1627.9,551.85,441.08,1048.6,1
60,915,1336.7,412.17,331.53,910.85,1
60,915,1803.7,292.85,107.82,287.83,1
60,915,1953.7,270.77,98.018,338.74,1
60,916,1625,554.25,452.61,1046.2,1
60,916,1342.5,412.06,311.35,910.96,1
60,916,1821,283.89,93.982,279.97,1
60,916,1953.7,263.56,98.018,312.31,1
60,917,1627.9,523.02,449.73,1077.5,1
60,917,1339.6,411.95,320,911.07,1
60,917,1849.9,270.12,83.027,267.31,1
60,917,1959.4,258.76,92.252,290.69,1
60,918,1627.9,515.82,438.2,1084.7,1
60,918,1336.7,411.85,314.23,911.18,1
60,918,1858.5,265.97,72.072,252.25,1
60,918,1982.5,251.55,86.486,281.08,1
60,919,1627.9,508.61,449.73,1091.9,1
60,919,1336.7,411.74,320,911.29,1
60,919,1884.5,265.97,72.072,235.44,1
60,919,1994,251.55,80.721,261.86,1
60,920,1616.4,506.21,435.32,1094.3,1
60,920,1336.7,411.63,317.12,911.39,1
60,920,1904.6,265.97,74.955,223.42,1
60,920,2005.5,244.34,92.252,247.45,1
60,921,1627.9,513.41,415.14,1087.1,1
60,921,1336.7,411.52,320,911.5,1
60,921,1953.7,265.97,83.604,223.42,1
60,921,2043,244.34,77.838,247.45,1
60,922,1627.9,506.21,400.72,1094.3,1
60,922,1342.5,411.41,314.23,911.61,1
60,922,2008.4,265.97,80.721,223.42,1
60,923,1627.9,508.61,420.9,1091.9,1
60,923,1339.6,411.3,311.35,911.72,1
60,924,1627.9,506.21,420.9,1094.3,1
60,924,1336.7,411.19,320,911.83,1
60,925,1627.9,511.01,432.43,1089.5,1
60,925,1339.6,411.09,317.12,911.94,1
60,926,1627.9,506.21,429.55,1094.3,1
60,926,1352.4,410.98,309.63,912.04,1
60,927,1627.9,506.21,429.55,1094.3,1
60,927,1351.9,410.87,309.13,912.15,1
60,928,1627.9,506.21,429.55,1094.3,1
60,928,1351.4,410.76,308.62,912.26,1
60,929,1627.9,503.8,432.43,1096.7,1
60,929,1350.9,410.65,308.11,912.37,1
60,930,1627.9,503.8,438.2,1096.7,1
60,930,1350.3,410.54,307.61,912.48,1
60,931,1627.9,508.61,441.08,1091.9,1
60,931,1349.8,410.44,307.1,912.59,1
60,932,1627.9,506.21,438.2,1094.3,1
60,932,1349.3,410.33,306.6,912.7,1
60,933,1627.9,503.8,432.43,1096.7,1
60,933,1348.8,410.22,306.09,912.8,1
60,934,1627.9,506.21,441.08,1094.3,1
60,934,1348.2,410.11,305.59,912.91,1
60,935,1627.9,503.8,443.96,1096.7,1
60,935,1348.2,410.11,305.59,912.91,1
60,936,1627.9,508.61,429.55,1091.9,1
60,936,1348.2,410.11,305.59,912.91,1
60,937,1587.5,508.61,469.91,1091.9,1
60,937,1348.2,410.11,305.59,912.91,1
60,938,1627.9,508.61,429.55,1091.9,1
60,938,1348.2,410.11,305.59,912.91,1
60,939,1627.9,508.61,443.96,1091.9,1
60,939,1348.2,410.11,305.59,912.91,1
60,939,745.73,515.82,406.49,987.39,1
60,940,1627.9,508.61,443.96,1091.9,1
60,940,1348.2,410.11,305.59,912.91,1
60,940,840.86,551.85,348.83,960.96,1
60,941,1627.9,508.61,429.55,1091.9,1
60,941,1348.2,410.11,305.59,912.91,1
60,941,907.17,551.85,397.84,1045,1
60,942,1524.1,508.61,533.33,1091.9,1
60,942,1348.2,410.11,305.59,912.91,1
60,942,846.63,575.88,415.14,1021,1
60,943,1625,609.51,412.25,990.99,1
60,943,1348.2,410.11,305.59,912.91,1
60,943,1134.9,537.44,337.3,987.39,1
60,944,1625,585.48,403.6,1015,1
60,944,1348.2,410.11,305.59,912.91,1
60,944,734.19,782.48,544.86,814.41,1
60,945,1578.9,515.82,492.97,1084.7,1
60,945,1348.2,410.11,305.59,912.91,1
60,946,1630.8,515.82,423.78,1084.7,1
60,946,1348.2,410.11,305.59,912.91,1
60,947,1630.8,515.82,420.9,1084.7,1
60,947,1348.2,410.11,305.59,912.91,1
60,948,1630.8,515.82,420.9,1084.7,1
60,948,1348.2,410.11,305.59,912.91,1
60,949,1630.8,515.82,420.9,1084.7,1
60,949,1348.2,410.11,305.59,912.91,1
60,950,1630.8,515.82,420.9,1084.7,1
60,950,1348.2,410.11,305.59,912.91,1
60,951,1630.8,515.82,420.9,1084.7,1
60,951,1348.2,410.11,305.59,912.91,1
60,952,1630.8,515.82,420.9,1084.7,1
60,952,1348.2,410.11,305.59,912.91,1
60,953,1630.8,515.82,432.43,1084.7,1
60,953,1348.2,410.11,305.59,912.91,1
60,954,1630.8,515.82,418.02,1084.7,1
60,954,1348.2,410.11,305.59,912.91,1
60,955,1630.8,515.82,412.25,1084.7,1
60,955,1348.2,410.11,305.59,912.91,1
60,956,1630.8,515.82,412.25,1084.7,1
60,956,1348.2,410.11,305.59,912.91,1
60,957,1601.9,515.82,441.08,1084.7,1
60,957,1348.2,410.11,305.59,912.91,1
60,958,1625,515.82,418.02,1084.7,1
60,958,1348.2,410.11,305.59,912.91,1
60,959,1625,515.82,418.02,1084.7,1
60,959,1348.2,410.11,305.59,912.91,1
60,960,1625,515.82,418.02,1084.7,1
60,960,1348.2,410.11,305.59,912.91,1
60,961,1625,515.82,418.02,1084.7,1
60,961,1348.2,410.11,305.59,912.91,1
60,962,1625,515.82,412.25,1084.7,1
60,962,1348.2,410.11,305.59,912.91,1
60,963,1625,515.82,412.25,1084.7,1
60,963,1348.2,410.11,305.59,912.91,1
60,963,1965.2,258.76,77.838,237.84,1
60,964,1625,515.82,420.9,1084.7,1
60,964,1348.2,410.11,305.59,912.91,1
60,964,1910.4,265.97,92.252,259.46,1
60,965,1625,515.82,420.9,1084.7,1
60,965,1348.2,410.11,305.59,912.91,1
60,965,1896,275.58,93.9,281.08,1
60,966,1625,515.82,420.9,1084.7,1
60,966,1348.2,410.11,305.59,912.91,1
60,966,1849.9,287.59,106.67,343.54,1
60,967,1625,515.82,429.55,1084.7,1
60,967,1348.2,410.11,291.17,912.91,1
60,967,1783.6,309.21,135.5,442.04,1
60,968,1625,515.82,429.55,1084.7,1
60,968,1331,410.11,322.88,912.91,1
60,968,1708.6,328.43,152.79,509.31,1
60,969,1625,515.82,441.08,1084.7,1
60,969,1544.3,434.13,389.19,886.49,1
60,969,1475.1,364.46,239.28,660.66,1
60,970,1625,515.82,441.08,1084.7,1
60,970,1627.9,424.52,305.59,872.07,1
60,970,1299.2,443.74,265.23,845.65,1
60,971,1625,515.82,441.08,1084.7,1
60,971,1653.8,422.12,279.64,862.46,1
60,971,1005.2,643.14,351.71,953.75,1
60,972,1625,515.82,441.08,1084.7,1
60,972,1616.4,417.32,317.12,867.27,1
60,972,872.57,599.9,337.3,997,1
60,973,1625,515.82,441.08,1084.7,1
60,973,1616.4,417.32,317.12,867.27,1
60,973,541.04,1013.1,668.83,583.78,1
60,974,1625,515.82,441.08,1084.7,1
60,974,1616.4,417.32,317.12,867.27,1
60,975,1625,515.82,441.08,1084.7,1
60,975,1616.4,417.32,317.12,867.27,1
60,976,1625,515.82,446.85,1084.7,1
60,976,1616.4,417.32,317.12,867.27,1
60,977,1625,515.82,446.85,1084.7,1
60,977,1616.4,417.32,317.12,867.27,1
60,978,1625,515.82,446.85,1084.7,1
60,978,1616.4,417.32,317.12,867.27,1
60,979,1625,515.82,446.85,1084.7,1
60,979,1616.4,417.32,317.12,867.27,1
60,980,1495.3,515.82,576.58,1084.7,1
60,980,1616.4,417.32,317.12,867.27,1
60,981,1627.9,508.61,452.61,1091.9,1
60,981,1616.4,417.32,317.12,867.27,1
60,982,1627.9,508.61,452.61,1091.9,1
60,982,1616.4,417.32,317.12,867.27,1
60,983,1627.9,508.61,452.61,1091.9,1
60,983,1616.4,417.32,317.12,867.27,1
60,984,1627.9,508.61,452.61,1091.9,1
60,984,1616.4,417.32,317.12,867.27,1
60,985,1627.9,520.62,438.2,1079.9,1
60,985,1616.4,417.32,317.12,867.27,1
60,986,1627.9,539.84,403.6,1060.7,1
60,986,1616.4,417.32,317.12,867.27,1
60,987,1627.9,532.63,443.96,1067.9,1
60,987,1616.4,417.32,317.12,867.27,1
60,988,1627.9,532.63,443.96,1067.9,1
60,988,1616.4,417.32,317.12,867.27,1
60,989,1627.9,532.63,443.96,1067.9,1
60,989,1616.4,417.32,317.12,867.27,1
60,990,1627.9,535.03,443.96,1065.5,1
60,990,1616.4,417.32,317.12,867.27,1
60,991,1627.9,535.03,443.96,1065.5,1
60,991,1616.4,417.32,317.12,867.27,1
60,992,1627.9,535.03,443.96,1065.5,1
60,992,1616.4,417.32,317.12,867.27,1
60,993,1627.9,535.03,443.96,1065.5,1
60,993,1616.4,417.32,317.12,867.27,1
60,994,1627.9,530.23,455.5,1070.3,1
60,994,1616.4,417.32,317.12,867.27,1
60,995,1627.9,530.23,449.73,1070.3,1
60,995,1607.7,417.32,325.77,867.27,1
60,996,1627.9,530.23,449.73,1070.3,1
60,996,1668.2,438.94,314.23,845.65,1
60,997,1627.9,530.23,449.73,1070.3,1
60,997,1642.3,462.96,288.29,812.01,1
60,998,1627.9,530.23,449.73,1070.3,1
60,998,1633.7,434.13,317.12,843.24,1
60,999,1627.9,530.23,449.73,1070.3,1
60,999,1636.5,429.33,331.53,843.24,1
60,1000,1627.9,530.23,449.73,1070.3,1
60,1000,1639.4,426.93,325.77,845.65,1
60,1001,1627.9,530.23,461.26,1070.3,1
60,1001,1636.5,424.52,325.77,850.45,1
60,1002,1627.9,530.23,461.26,1070.3,1
60,1002,1639.4,422.12,322.88,848.05,1
60,1003,1627.9,530.23,446.85,1070.3,1
60,1003,1642.3,422.12,328.65,855.26,1
60,1003,546.81,866.57,677.48,733.93,1
60,1004,1627.9,530.23,438.2,1070.3,1
60,1004,1636.5,422.12,325.77,850.45,1
60,1004,889.87,614.31,441.08,986.19,1
60,1005,1627.9,535.03,438.2,1065.5,1
60,1005,1639.4,422.12,320,848.05,1
60,1005,1172.4,462.96,331.53,896.1,1
60,1006,1627.9,535.03,452.61,1065.5,1
60,1006,1636.5,424.52,320,848.05,1
60,1006,1368.4,407.71,245.05,775.98,1
60,1007,1627.9,535.03,458.38,1065.5,1
60,1007,1636.5,424.52,320,848.05,1
60,1007,1604.8,359.66,196.04,648.65,1
60,1008,1613.5,535.03,461.26,1065.5,1
60,1008,1636.5,424.52,320,848.05,1
60,1008,1812.4,345.24,224.86,540.54,1
60,1009,1627.9,535.03,452.61,1065.5,1
60,1009,1636.5,424.52,320,848.05,1
60,1009,1887.3,323.62,207.57,475.68,1
60,1010,1627.9,535.03,461.26,1065.5,1
60,1010,1636.5,424.52,320,848.05,1
60,1010,1921.9,309.21,172.97,413.21,1
60,1011,1627.9,535.03,461.26,1065.5,1
60,1011,1636.5,424.52,320,848.05,1
60,1011,1921.9,297.2,172.97,362.76,1
60,1012,1627.9,525.42,452.61,1075.1,1
60,1012,1636.5,424.52,320,848.05,1
60,1012,1942.1,280.38,149.91,350.75,1
60,1013,1627.9,527.83,449.73,1072.7,1
60,1013,1636.5,424.52,320,848.05,1
60,1013,1942.1,280.38,115.32,314.71,1
60,1014,1627.9,535.03,461.26,1065.5,1
60,1014,1636.5,424.52,320,848.05,1
60,1014,1942.1,265.97,103.78,281.08,1
60,1015,1627.9,530.23,458.38,1070.3,1
60,1015,1636.5,424.52,320,848.05,1
60,1015,1959.4,265.97,86.486,261.86,1
60,1016,1627.9,530.23,461.26,1070.3,1
60,1016,1636.5,424.52,320,848.05,1
60,1016,1988.2,261.16,95.135,242.64,1
60,1017,1627.9,532.63,452.61,1067.9,1
60,1017,1636.5,424.52,320,848.05,1
60,1017,2069,261.16,89.369,242.64,1
60,1018,1627.9,535.03,452.61,1065.5,1
60,1018,1636.5,424.52,320,848.05,1
60,1019,1627.9,527.83,452.61,1072.7,1
60,1019,1636.5,424.52,320,848.05,1
60,1020,1627.9,523.02,446.85,1077.5,1
60,1020,1636.5,424.52,320,848.05,1
60,1021,1627.9,523.02,446.85,1077.5,1
60,1021,1636.5,424.52,320,848.05,1
60,1022,1627.9,535.03,446.85,1065.5,1
60,1022,1636.5,424.52,320,848.05,1
60,1023,1627.9,535.03,438.2,1065.5,1
60,1023,1636.5,424.52,320,848.05,1
60,1024,1627.9,527.83,467.03,1072.7,1
60,1024,1636.5,424.52,320,848.05,1
60,1025,1627.9,523.02,464.14,1077.5,1
60,1025,1636.5,424.52,320,848.05,1
60,1026,1627.9,523.02,455.5,1077.5,1
60,1026,1636.5,424.52,320,848.05,1
60,1027,1627.9,530.23,455.5,1070.3,1
60,1027,1636.5,424.52,320,848.05,1
60,1028,1627.9,530.23,458.38,1070.3,1
60,1028,1636.5,424.52,320,848.05,1
60,1029,1627.9,530.23,441.08,1070.3,1
60,1029,1636.5,424.52,320,848.05,1
60,1030,1627.9,530.23,441.08,1070.3,1
60,1030,1636.5,424.52,320,848.05,1
60,1031,1627.9,530.23,441.08,1070.3,1
60,1031,1636.5,424.52,320,848.05,1
60,1032,1627.9,530.23,449.73,1070.3,1
60,1032,1636.5,424.52,320,848.05,1
60,1033,1627.9,530.23,449.73,1070.3,1
60,1033,1636.5,424.52,320,848.05,1
60,1034,1627.9,530.23,449.73,1070.3,1
60,1034,1636.5,424.52,320,848.05,1
60,1035,1627.9,539.84,449.73,1060.7,1
60,1035,1636.5,429.33,320,843.24,1
60,1036,1627.9,539.84,449.73,1060.7,1
60,1036,1627.9,443.74,314.23,828.83,1
60,1037,1627.9,537.44,449.73,1063.1,1
60,1037,1584.6,448.55,279.64,915.32,1
60,1038,1627.9,537.44,449.73,1063.1,1
60,1038,1501,446.15,322.88,917.72,1
60,1039,1587.5,537.44,490.09,1063.1,1
60,1039,1524.1,431.73,311.35,843.24,1
60,1040,1547.2,530.23,507.39,1070.3,1
60,1040,1544.3,417.32,305.59,857.66,1
60,1041,1625,539.84,452.61,1060.7,1
60,1041,1547.2,417.32,302.7,857.66,1
60,1042,1625,539.84,452.61,1060.7,1
60,1042,1547.2,417.32,302.7,857.66,1
60,1043,1625,539.84,452.61,1060.7,1
60,1043,1547.2,417.32,302.7,857.66,1
60,1043,2069,256.36,77.838,216.22,1
60,1044,1625,539.84,452.61,1060.7,1
60,1044,1547.2,417.32,302.7,857.66,1
60,1044,1968.1,253.95,80.721,245.05,1
60,1045,1625,527.83,452.61,1072.7,1
60,1045,1547.2,417.32,302.7,857.66,1
60,1045,1896,261.16,98.018,273.87,1
60,1046,1625,527.83,452.61,1072.7,1
60,1046,1547.2,417.32,302.7,857.66,1
60,1046,1849.9,273.17,98.018,314.71,1
60,1047,1625,527.83,452.61,1072.7,1
60,1047,1547.2,417.32,302.7,857.66,1
60,1047,1800.9,287.59,132.61,348.35,1
60,1048,1625,527.83,452.61,1072.7,1
60,1048,1547.2,417.32,302.7,857.66,1
60,1048,1749,294.79,152.79,415.62,1
60,1049,1625,527.83,452.61,1072.7,1
60,1049,1547.2,417.32,302.7,857.66,1
60,1049,1659.6,311.61,170.09,458.86,1
60,1050,1627.9,527.83,449.73,1072.7,1
60,1050,1550,417.32,302.7,857.66,1
60,1050,1501,354.85,213.33,583.78,1
60,1051,1627.9,527.83,449.73,1072.7,1
60,1051,1550,417.32,302.7,857.66,1
60,1051,1238.7,434.13,291.17,867.27,1
60,1052,1627.9,527.83,449.73,1072.7,1
60,1052,1550,417.32,302.7,857.66,1
60,1052,817.8,683.98,516.04,916.52,1
60,1053,1627.9,527.83,449.73,1072.7,1
60,1053,1550,417.32,302.7,857.66,1
60,1054,1627.9,527.83,449.73,1072.7,1
60,1054,1550,417.32,302.7,857.66,1
60,1055,1627.9,527.83,449.73,1072.7,1
60,1055,1550,417.32,302.7,857.66,1
60,1056,1627.9,527.83,449.73,1072.7,1
60,1056,1550,417.32,302.7,857.66,1
60,1057,1627.9,527.83,449.73,1072.7,1
60,1057,1550,417.32,302.7,857.66,1
60,1058,1627.9,527.83,449.73,1072.7,1
60,1058,1541.4,419.72,302.7,857.66,1
60,1059,1627.9,527.83,449.73,1072.7,1
60,1059,1541.4,419.72,302.7,857.66,1
60,1060,1627.9,527.83,449.73,1072.7,1
60,1060,1541.4,419.72,302.7,857.66,1
60,1061,1550,811.31,501.62,789.19,1
60,1061,1541.4,419.72,320,872.07,1
60,1062,1633.7,609.51,441.08,990.99,1
60,1062,1515.5,419.72,345.95,872.07,1
60,1063,1633.7,525.42,418.02,1075.1,1
60,1063,1454.9,441.34,351.71,953.75,1
60,1064,1633.7,525.42,426.67,1075.1,1
60,1064,1331,458.16,400.72,960.96,1
60,1065,1633.7,525.42,426.67,1075.1,1
60,1065,1224.3,462.96,354.59,960.96,1
60,1066,1633.7,573.47,415.14,1027,1
60,1066,1212.8,462.96,366.13,960.96,1
60,1067,1633.7,518.22,432.43,1082.3,1
60,1067,1201.2,455.76,377.66,968.17,1
60,1068,1691.3,549.45,351.71,1051.1,1
60,1068,1227.2,460.56,351.71,963.36,1
60,1068,1971,253.95,89.369,221.02,1
60,1069,1691.3,527.83,360.36,1072.7,1
60,1069,1227.2,460.56,351.71,963.36,1
60,1069,1904.6,249.15,89.369,221.02,1
60,1070,1705.7,539.84,337.3,1060.7,1
60,1070,1209.9,460.56,369.01,963.36,1
60,1070,1861.4,241.94,74.955,221.02,1
60,1071,1705.7,611.91,337.3,988.59,1
60,1071,1155.1,489.39,412.25,1042.6,1
60,1071,1847,241.94,54.775,221.02,1
60,1072,1668.2,861.76,374.77,738.74,1
60,1072,1111.9,559.06,371.89,1040.2,1
60,1072,1847,241.94,54.775,221.02,1
60,1073,1622.1,801.7,412.25,798.8,1
60,1073,996.54,563.86,420.9,1035.4,1
60,1073,1847,241.94,69.189,221.02,1
60,1074,1567.3,511.01,492.97,1089.5,1
60,1074,996.54,563.86,420.9,1035.4,1
60,1074,1847,241.94,69.189,221.02,1
60,1075,1552.9,568.67,556.4,1031.8,1
60,1075,996.54,542.24,389.19,1057.1,1
60,1075,1847,241.94,63.423,221.02,1
60,1076,1273.3,638.34,631.35,962.16,1
60,1076,892.75,626.33,475.68,972.97,1
60,1076,1847,241.94,63.423,221.02,1
60,1077,1137.8,765.67,815.86,834.83,1
60,1077,463.2,885.79,665.95,711.11,1
60,1077,1847,241.94,86.486,221.02,1
60,1078,616,1339.8,980.18,260.66,1
60,1078,10.59,1272.6,403.6,327.93,1
60,1078,1847,241.94,77.838,221.02,1
60,1079,1847,241.94,57.658,221.02,1
60,1079,1947.9,256.36,66.306,199.4,1
60,1080,1847,241.94,57.658,221.02,1
60,1080,1947.9,244.34,72.072,211.41,1
60,1081,1847,241.94,57.658,221.02,1
60,1081,1973.8,249.15,60.541,216.22,1
60,1082,1847,241.94,69.189,221.02,1
60,1082,1973.8,249.15,77.838,216.22,1
60,1083,1847,241.94,60.541,221.02,1
60,1083,1973.8,249.15,77.838,216.22,1
60,1084,1847,241.94,60.541,221.02,1
60,1084,2048.8,261.16,77.838,216.22,1
60,1085,1847,241.94,60.541,221.02,1
60,1086,1847,241.94,60.541,221.02,1
60,1087,1847,241.94,60.541,221.02,1
60,1088,1847,241.94,60.541,221.02,1
60,1089,1847,241.94,60.541,221.02,1
60,1090,1847,241.94,60.541,221.02,1
60,1091,1847,241.94,72.072,221.02,1
60,1092,1847,241.94,60.541,221.02,1
60,1093,1847,241.94,60.541,221.02,1
60,1094,1847,241.94,77.838,221.02,1
60,1095,1855.6,241.94,80.721,230.63,1
60,1096,1875.8,241.94,72.072,230.63,1
60,1097,1898.9,258.76,83.604,242.64,1
60,1098,1907.5,263.56,92.252,261.86,1
60,1099,1907.5,270.77,106.67,293.09,1
60,1100,1896,273.17,118.2,331.53,1
60,1101,1870,285.18,135.5,357.96,1
60,1102,1835.5,294.79,147.6,420.42,1
60,1103,1800.9,328.43,174.13,494.89,1
60,1104,1769.1,352.45,215.06,586.19,1
60,1105,1702.8,390.89,267.53,708.71,1
60,1106,1503.9,453.35,374.77,932.13,1
60,1107,1120.5,561.46,521.8,1037.8,1
60,1108,584.28,700.8,504.5,899.7,1
60,1109,7.7072,1159.7,334.41,438.44,1
60,1126,1982.5,256.36,86.486,242.64,1
60,1127,1921.9,261.16,100.9,271.47,1
60,1128,1893.1,265.97,121.08,309.91,1
60,1129,1872.9,275.58,147.03,362.76,1
60,1130,1861.4,294.79,158.56,415.62,1
60,1131,1826.8,321.22,181.62,492.49,1
60,1132,1711.5,338.04,227.75,617.42,1
60,1133,1544.3,386.09,279.64,749.55,1
60,1134,1181,467.77,328.65,968.17,1
60,1135,670.77,580.68,608.29,888.89,1
60,1136,757.26,537.44,524.68,1021,1
60,1137,861.04,640.74,467.03,956.16,1
60,1138,307.53,1234.1,660.18,365.17,1
60,1166,1835.5,232.33,83.604,230.63,1
60,1167,1973.8,258.76,106.67,230.63,1
60,1207,1988.2,253.95,86.486,245.05,1
60,1208,1904.6,265.97,123.96,269.07,1
60,1209,1875.8,275.58,144.14,326.73,1
60,1210,1848.2,292.39,166.02,371.17,1
60,1211,1772.5,311.61,203.08,473.27,1
60,1212,1659.6,331.79,265.8,604.44,1
60,1213,1437.6,378.88,338.85,798.21,1
60,1214,866.81,501.4,654.41,1016.2,1
60,1215,768.79,525.42,562.16,1037.8,1
60,1216,587.17,472.57,521.8,1040.2,1
60,1242,907.17,505.45,340.18,969.12,1
60,1243,788.97,531.83,602.52,964.32,1
60,1244,846.63,539.03,665.95,947.53,1
60,1245,1175.3,481.46,403.6,990.7,1
60,1246,1532.8,375.91,360.36,753.22,1
60,1247,1714.4,323.62,254.27,558.44,1
60,1248,1818.2,292.02,184.5,437.54,1
60,1249,1879.1,269.41,135.08,351.18,1
60,1250,1904.6,260.77,115.32,302.25,1
60,1251,1947.9,255.97,98.018,259.07,1
60,1252,2011.3,260.77,98.018,242.28,1
60,1443,2028.6,260.77,92.252,249.48,1
60,1444,1945,258.37,100.9,259.07,1
60,1445,1910.4,263.17,115.32,295.05,1
60,1446,1898.9,272.76,132.61,335.83,1
60,1447,1924.8,291.95,139.15,374.86,1
60,1448,1936.4,299.15,149.23,436.58,1
60,1449,1872.9,314.03,181.06,510.45,1
60,1450,1760.5,339.59,212.51,607.24,1
60,1451,1610.6,387.91,272.93,741.23,1
60,1452,1418.5,431.08,327.61,885.16,1
60,1453,1152.2,519.84,343.06,981.11,1
60,1454,904.28,570.22,345.95,1026.7,1
60,1455,866.81,575.01,383.42,1021.9,1
60,1456,849.51,575.01,400.72,1021.9,1
60,1457,806.27,555.82,443.96,1041.1,1
60,1458,768.79,555.82,481.44,1041.1,1
60,1459,662.12,754.92,467.03,841.98,1
60,1460,244.1,1479.4,351.71,117.54,1
60,1485,1109,1081.2,642.88,519.34,1
60,1486,1440.5,718.94,484.32,881.56,1
60,1487,1561.6,575.01,449.73,1025.5,1
60,1488,1685.5,469.47,308.47,969.12,1
60,1489,1717.3,414.29,256.58,794,1
60,1490,1757.6,380.71,270.34,690.85,1
60,1491,1763.4,356.72,239.28,626.09,1
60,1492,1812.4,342.33,204.68,544.53,1
60,1493,1884.5,325.54,182.16,484.56,1
60,1494,1920.3,315.94,151.56,443.78,1
60,1495,1937.3,305.51,139.21,414.85,1
60,1496,1945,294.35,129.73,376.61,1
60,1497,1947.5,285.32,144.55,345.41,1
60,1498,1971,276.88,126.85,336.52,1
60,1499,1951.3,269.49,111.49,312.72,1
60,1500,1916.2,263.63,100.9,282.6,1
60,1501,1933.5,259.76,112.43,272.07,1
60,1502,1953.7,258.37,103.78,251.87,1
60,1503,2017.1,258.37,77.838,244.68,1
60,1504,1838.3,236.78,72.072,239.88,1
60,1505,1907.5,260.77,80.721,244.77,1
60,1506,1930.6,272.76,100.9,269.81,1
60,1507,1921.9,279.96,103.78,304.65,1
60,1507,613.11,822.09,700.54,778.41,1
60,1508,1911.4,292.97,111.61,334.82,1
60,1508,936,613.39,510.27,987.11,1
60,1509,1887.3,308.48,121.08,388.87,1
60,1509,1077.3,543.83,458.38,1056.7,1
60,1510,1864.3,330.34,135.5,462.72,1
60,1510,1103.2,531.83,461.26,1068.7,1
60,1511,1795.1,361.52,172.97,561.9,1
60,1511,1111.9,531.83,461.26,1068.7,1
60,1512,1676.9,390.31,216.22,650.07,1
60,1512,1117.6,531.83,464.14,1068.7,1
60,1513,1509.7,447.88,245.05,827.59,1
60,1513,1117.6,531.83,464.14,1068.7,1
60,1514,1336.7,481.46,273.87,894.75,1
60,1514,1117.6,531.83,464.14,1068.7,1
60,1515,1336.7,493.45,285.41,894.75,1
60,1515,1117.6,531.83,464.14,1068.7,1
60,1516,1336.7,493.45,285.41,894.75,1
60,1516,1117.6,531.83,464.14,1068.7,1
60,1517,1336.7,493.45,285.41,894.75,1
60,1517,1117.6,536.63,449.73,1063.9,1
60,1518,1336.7,493.45,285.41,894.75,1
60,1518,1117.6,536.63,449.73,1063.9,1
60,1519,1336.7,500.65,285.41,887.56,1
60,1519,1117.6,536.63,449.73,1063.9,1
60,1520,1336.7,500.65,285.41,887.56,1
60,1520,1117.6,536.63,461.26,1063.9,1
60,1521,1336.7,500.65,285.41,887.56,1
60,1521,1117.6,536.63,461.26,1063.9,1
60,1522,1336.7,500.65,285.41,887.56,1
60,1522,1117.6,536.63,461.26,1063.9,1
60,1523,1336.7,500.65,285.41,887.56,1
60,1523,1117.6,536.63,461.26,1063.9,1
60,1524,1336.7,495.85,285.41,892.35,1
60,1524,1117.6,536.63,461.26,1063.9,1
60,1525,1336.7,495.85,285.41,892.35,1
60,1525,1117.6,536.63,461.26,1063.9,1
60,1526,1336.7,495.85,285.41,892.35,1
60,1526,1117.6,536.63,461.26,1063.9,1
60,1527,1336.7,500.65,285.41,887.56,1
60,1527,1117.6,548.63,461.26,1051.9,1
60,1528,1336.7,507.85,285.41,880.36,1
60,1528,1117.6,548.63,461.26,1051.9,1
60,1529,1336.7,507.85,285.41,880.36,1
60,1529,1083,548.63,507.39,1051.9,1
60,1530,1336.7,507.85,285.41,880.36,1
60,1530,1117.6,539.03,472.79,1061.5,1
60,1531,1336.7,507.85,285.41,880.36,1
60,1531,1117.6,539.03,472.79,1061.5,1
60,1532,1336.7,500.65,285.41,887.56,1
60,1532,1117.6,539.03,472.79,1061.5,1
60,1533,1336.7,495.85,285.41,892.35,1
60,1533,1117.6,539.03,472.79,1061.5,1
60,1534,1336.7,495.85,285.41,892.35,1
60,1534,1117.6,539.03,472.79,1061.5,1
60,1535,1336.7,495.85,285.41,892.35,1
60,1535,1091.7,539.03,498.74,1061.5,1
60,1536,1207,500.65,285.41,858.77,1
60,1536,987.89,539.03,628.47,1061.5,1
60,1537,1146.4,512.64,256.58,858.77,1
60,1537,987.89,539.03,614.05,1061.5,1
60,1538,1146.4,519.84,256.58,851.57,1
60,1538,990.77,539.03,593.87,1061.5,1
60,1539,1146.4,519.84,256.58,822.79,1
60,1539,1002.3,539.03,599.64,1061.5,1
60,1540,1146.4,519.84,256.58,822.79,1
60,1540,1002.3,539.03,599.64,1061.5,1
60,1541,1146.4,519.84,256.58,822.79,1
60,1541,1002.3,539.03,599.64,1061.5,1
60,1542,1146.4,519.84,265.23,822.79,1
60,1542,912.93,551.02,616.94,1049.5,1
60,1543,1146.4,519.84,265.23,822.79,1
60,1543,881.22,567.82,619.82,1032.7,1
60,1543,1299.2,745.33,746.67,855.17,1
60,1544,1146.4,519.84,273.87,822.79,1
60,1544,901.4,555.82,590.99,1044.7,1
60,1544,1596.2,459.87,415.14,913.94,1
60,1545,1146.4,519.84,273.87,822.79,1
60,1545,901.4,555.82,590.99,1044.7,1
60,1545,1697.1,366.32,276.76,647.68,1
60,1546,1146.4,519.84,273.87,822.79,1
60,1546,901.4,555.82,590.99,1044.7,1
60,1546,1780.7,320.74,190.27,482.16,1
60,1547,1132,524.64,288.29,817.99,1
60,1547,889.87,555.82,602.52,1044.7,1
60,1547,1823.9,289.56,152.79,388.61,1
60,1548,1132,534.23,288.29,808.4,1
60,1548,889.87,555.82,602.52,1044.7,1
60,1548,1855.6,275.16,126.85,326.24,1
60,1549,1132,534.23,288.29,808.4,1
60,1549,889.87,555.82,590.99,1044.7,1
60,1549,1875.8,260.77,126.85,283.06,1
60,1550,1132,522.24,288.29,820.39,1
60,1550,889.87,555.82,590.99,1044.7,1
60,1550,1976.7,263.17,98.018,247.08,1
60,1551,1132,522.24,288.29,820.39,1
60,1551,947.53,536.63,585.23,1063.9,1
60,1552,1146.4,522.24,273.87,820.39,1
60,1552,800.5,536.63,452.61,1012.3,1
60,1553,1134.9,522.24,250.81,820.39,1
60,1553,587.17,402.3,452.61,1012.3,1
60,1554,927.35,546.23,438.2,880.36,1
60,1555,532.39,536.63,438.2,868.37,1
60,1650,728.43,1198.7,622.7,401.8,1
60,1651,832.21,644.58,654.41,955.92,1
60,1652,812.03,565.42,490.09,957.12,1
60,1653,728.43,603.8,518.92,892.35,1
60,1654,728.43,613.39,518.92,882.76,1
60,1655,728.43,613.39,369.01,882.76,1
60,1655,875.45,534.23,314.23,863.57,1
60,1656,650.59,570.22,343.06,846.78,1
60,1656,1354,474.26,273.87,846.78,1
60,1657,1685.5,426.29,221.98,772.41,1
60,1658,1757.1,383.11,180.8,604.5,1
60,1659,1766.3,342.33,149.91,472.56,1
60,1660,1806.6,330.88,138.38,404.85,1
60,1661,1890.2,311.14,103.78,357.42,1
60,1662,1913.3,289.56,95.135,317.3,1
60,1663,1906.9,272.76,93.365,280.92,1
60,1664,1911.6,272.78,82.381,256.65,1
60,1665,1913.3,267.97,89.369,232.68,1
60,1666,1832.6,241.58,89.369,232.68,1
60,1674,679.42,1441,432.43,159.52,1
60,1675,1123.4,762.12,640,838.38,1
60,1675,339.24,889.26,435.32,710.04,1
60,1676,1348.2,522.24,426.67,1078.3,1
60,1676,786.09,675.76,562.16,923.54,1
60,1677,1267.5,471.86,299.82,887.56,1
60,1677,1117.6,620.59,484.32,978.71,1
60,1678,1039.8,500.65,446.85,935.53,1
60,1678,1541.4,541.43,392.07,1053.1,1
60,1679,665,488.66,446.85,935.53,1
60,1679,1708.6,467.07,343.06,937.93,1
60,1680,1821,399.9,268.11,722.04,1
60,1681,1861.4,359.12,204.68,638.08,1
60,1682,1852.8,335.13,187.39,518.14,1
60,1683,1835.5,303.95,179.52,438.98,1
60,1683,751.49,546.23,412.25,863.57,1
60,1684,1858.3,294.52,167.4,398.03,1
60,1684,1414.6,519.84,334.41,940.33,1
60,1685,1844.1,282.36,127.46,314.24,1
60,1685,1754.7,423.89,233.51,707.65,1
60,1686,1823.9,269.22,118.2,265.01,1
60,1686,1818.2,361.52,181.62,525.34,1
60,1687,1861.4,265.57,89.369,297.45,1
60,1687,1878.7,326.5,144.14,406.84,1
60,1688,1921.9,260.77,95.135,268.67,1
60,1688,1907.5,298.19,121.08,329.6,1
60,1689,1991.1,260.77,100.9,249.48,1
60,1689,1921.9,269.89,98.018,285.94,1
60,1690,2069,251.17,92.252,237.48,1
60,1690,1907.5,270.37,95.135,239.88,1
60,1691,1855.6,251.17,83.604,225.49,1
60,1699,2045.9,277.56,86.486,223.09,1
60,1700,1969.9,254.88,99.066,260.16,1
60,1701,1919.3,270.37,135.29,285.46,1
60,1702,1930.6,279.96,121.08,307.05,1
60,1703,1933.5,272.76,112.43,338.23,1
60,1704,1893.1,289.56,207.57,381.41,1
60,1705,1861.4,296.75,155.68,422.19,1
60,1706,1838.3,315.94,172.97,491.75,1
60,1707,1806.6,342.33,233.51,580.51,1
60,1708,1734.6,373.51,265.23,654.87,1
60,1709,1622.1,426.29,317.12,810.79,1
60,1710,1463.6,476.66,403.6,921.14,1
60,1711,1083,515.04,464.14,959.52,1
60,1712,835.09,524.64,394.95,942.73,1
60,1713,616,435.88,394.95,942.73,1
