59,126,79.577,594.36,503.99,206.14,1
59,127,0.5,696.11,260.43,104.39,1
59,128,0.5,696.11,68.534,104.39,1
59,189,832.39,625.94,286.79,174.56,1
59,190,334.73,492.61,468.14,307.89,1
59,191,43.729,413.66,379.57,386.84,1
59,192,0.5,529.45,173.97,271.05,1
59,209,0.5,632.96,64.316,167.54,1
59,210,0.5,438.22,338.45,362.28,1
59,211,188.18,385.59,399.6,414.91,1
59,212,371.64,311.9,323.69,488.6,1
59,213,445.44,276.82,300.49,523.68,1
59,214,452.82,232.96,328.96,567.54,1
59,214,0.5,604.89,254.1,195.61,1
59,215,558.26,183.83,286.79,616.67,1
59,215,143.89,654.01,349,146.49,1
59,216,625.74,141.73,242.5,657.02,1
59,216,841.88,673.31,355.32,127.19,1
59,217,594.11,132.96,288.9,665.79,1
59,218,511.87,178.57,352.16,620.18,1
59,219,435.95,269.8,352.16,530.7,1
59,220,313.65,322.43,396.44,478.07,1
59,221,300.99,336.46,421.75,464.04,1
59,222,372.69,303.13,428.07,497.37,1
59,223,425.41,275.06,362.7,525.44,1
59,224,416.97,280.32,362.7,520.18,1
59,225,398,301.38,366.92,499.12,1
59,226,406.43,297.87,358.48,502.63,1
59,227,410.65,292.61,354.27,507.89,1
59,228,410.65,291.26,354.27,509.24,1
59,229,410.65,290.13,354.27,510.37,1
59,230,410.65,289.22,354.27,511.28,1
59,231,410.65,288.51,354.27,511.99,1
59,232,410.65,287.98,354.27,512.52,1
59,233,410.65,287.62,354.27,512.88,1
59,234,410.65,287.41,354.27,513.09,1
59,235,410.65,287.34,354.27,513.16,1
59,236,411.82,286.76,353.1,513.74,1
59,237,412.99,286.17,351.92,514.33,1
59,238,414.16,285.59,350.75,514.91,1
59,239,415.33,285,349.58,515.5,1
59,240,416.51,284.42,348.41,516.08,1
59,241,417.68,283.83,347.24,516.67,1
59,241,0.5,703.13,32.685,97.368,1
59,242,420.15,282.6,344.76,517.9,1
59,242,0.5,522.43,108.6,278.07,1
59,243,421.06,282.14,343.85,518.36,1
59,243,0.5,510.15,161.32,290.35,1
59,244,421.19,282.08,343.72,518.42,1
59,244,0.5,496.11,233.01,304.39,1
59,245,419.37,284.29,346.2,516.21,1
59,245,0.5,466.29,367.97,334.21,1
59,246,415.2,288.84,351.01,511.66,1
59,246,0.5,525.94,422.8,274.56,1
59,247,410.65,292.61,354.27,507.89,1
59,247,0.5,603.13,389.06,197.37,1
59,248,406.25,294.81,355.33,505.69,1
59,248,111.21,603.13,337.4,197.37,1
59,249,401.3,296.63,356.09,503.87,1
59,249,174.47,601.38,326.85,199.12,1
59,250,395.89,297.87,356.38,502.63,1
59,250,229.3,590.85,326.85,209.65,1
59,251,396.36,297.48,355.91,503.02,1
59,251,229.3,610.15,326.85,190.35,1
59,252,396.82,297.09,355.44,503.41,1
59,252,130.19,722.43,189.79,78.07,1
59,253,397.29,296.7,354.97,503.8,1
59,254,400.99,292.65,351.27,507.85,1
59,255,403.44,290.03,348.83,510.47,1
59,255,9.6866,780.5,218.44,20,1
59,256,404.32,289.1,347.94,511.4,1
59,256,9.6866,734.97,263.35,65.532,1
59,257,403.96,289.59,348.31,510.91,1
59,257,41.62,731.2,375.35,69.298,1
59,258,401.23,292.97,351.03,507.53,1
59,258,90.121,741.73,200.33,58.772,1
59,259,400.1,294.36,352.16,506.14,1
59,259,134.4,717.17,244.61,83.333,1
59,260,400.1,294.36,352.16,506.14,1
59,260,144.95,713.66,278.35,86.842,1
59,261,400.1,294.36,352.16,506.14,1
59,261,144.95,701.38,278.35,99.123,1
59,262,400.1,294.36,352.16,506.14,1
59,262,153.38,690.85,221.42,109.65,1
59,263,400.1,294.36,360.59,506.14,1
59,263,153.38,687.34,221.42,113.16,1
59,264,448.61,266.29,371.14,534.21,1
59,264,161.82,680.32,225.63,120.18,1
59,265,478.13,243.48,360.59,557.02,1
59,265,168.14,669.8,219.31,130.7,1
59,266,484.45,252.25,352.16,548.25,1
59,266,176.58,671.55,210.87,128.95,1
59,267,484.45,268.04,318.42,532.46,1
59,267,176.58,664.54,238.29,135.96,1
59,268,461.26,296.11,341.61,504.39,1
59,268,159.24,652.25,278.82,148.25,1
59,269,499.21,262.78,303.66,537.72,1
59,269,115.43,670.97,267.81,129.53,1
59,270,499.21,254.01,303.66,546.49,1
59,270,56.381,679.54,257.97,120.96,1
59,271,499.21,245.24,295.22,555.26,1
59,271,37.403,684.61,260.78,115.89,1
59,272,499.21,245.24,301.55,555.26,1
59,272,20.533,693.19,261.48,107.31,1
59,273,499.21,257.52,301.55,542.98,1
59,273,48.415,698.26,232.19,102.24,1
59,274,507.65,252.25,293.11,548.25,1
59,274,71.377,694.55,223.29,105.95,1
59,275,507.65,250.5,293.11,550,1
59,275,98.556,669.8,238.29,130.7,1
59,276,504.37,250.98,296.39,549.52,1
59,276,98.556,662.78,238.29,137.72,1
59,277,502.14,252.25,298.62,548.25,1
59,277,98.556,668.04,238.29,132.46,1
59,278,501.32,254.01,299.44,546.49,1
59,278,94.339,666.29,238.29,132.46,1
59,279,501.32,257.52,299.44,542.98,1
59,279,94.339,669.8,238.29,130.7,1
59,280,454.93,299.62,345.83,500.88,1
59,280,104.88,669.8,238.29,130.7,1
59,281,427.52,320.68,373.25,479.82,1
59,281,88.012,669.8,255.16,130.7,1
59,282,435.95,317.17,364.81,483.33,1
59,282,62.708,680.32,468.14,120.18,1
59,283,480.24,273.31,320.53,527.19,1
59,283,43.729,687.34,468.14,113.16,1
59,284,486.56,266.29,314.2,534.21,1
59,284,43.729,687.34,472.36,113.16,1
59,285,480.24,283.64,318.42,516.86,1
59,285,42.323,695.14,494.85,105.36,1
59,286,482.35,299.23,322.64,501.27,1
59,286,70.44,699.62,470.95,100.88,1
59,287,516.08,276.82,326.85,523.68,1
59,287,98.556,680.32,440.72,120.18,1
59,288,535.06,308.39,312.09,492.11,1
59,288,111.91,661.03,425.26,139.47,1
59,289,528.74,340.75,335.29,459.75,1
59,289,99.962,662.78,428.78,137.72,1
59,290,530.85,334.71,331.07,465.79,1
59,290,62.708,668.04,472.36,132.46,1
59,291,570.91,301.38,343.72,499.12,1
59,291,35.294,669.8,248.83,130.7,1
59,292,638.39,334.71,301.55,465.79,1
59,292,18.424,685.59,252.11,114.91,1
59,292,594.11,99.623,240.4,601.75,1
59,293,657.37,406.64,352.16,393.86,1
59,293,31.077,757.52,208.76,42.982,1
59,293,602.54,99.623,265.7,608.77,1
59,294,693.22,429.45,366.92,371.05,1
59,294,598.33,117.17,312.09,608.77,1
59,294,718.52,25.939,250.94,598.25,1
59,295,767.02,411.9,335.52,385.09,1
59,295,537.17,166.29,419.64,634.21,1
59,295,750.15,25.939,219.31,598.25,1
59,296,876.68,334.71,304.13,465.79,1
59,296,440.17,224.18,520.86,571.05,1
59,296,672.13,78.57,282.57,682.46,1
59,297,904.09,355.76,335.99,444.74,1
59,297,332.63,303.13,369.03,497.37,1
59,297,619.41,134.71,335.29,665.79,1
59,298,916.74,357.52,325.68,442.98,1
59,298,279.91,380.32,383.79,420.18,1
59,298,592,183.83,362.7,616.67,1
59,299,919.92,329.45,325.69,471.05,1
59,299,385.34,459.27,491.33,341.23,1
59,299,492.89,254.01,415.42,546.49,1
59,300,922.3,318.92,336.06,481.58,1
59,300,849.26,711.9,267.81,88.596,1
59,300,492.89,350.5,350.05,450,1
59,301,923.93,315.41,325.93,485.09,1
59,301,594.11,532.96,326.85,267.54,1
59,302,942.05,318.92,309.11,481.58,1
59,303,925.18,343.48,326.85,457.02,1
59,304,906.2,375.06,339.51,425.44,1
59,305,918.85,418.14,326.15,382.36,1
59,306,912.53,431.79,335.29,368.71,1
59,307,878.79,427.89,373.25,372.61,1
59,308,885.11,434.52,375.35,365.98,1
59,309,887.22,427.11,369.03,373.39,1
59,310,828.18,375.84,360.59,424.66,1
59,311,752.26,341.73,349.35,458.77,1
59,312,659.48,418.92,352.16,381.58,1
59,312,106.99,780.32,168.7,20.175,1
59,313,682.67,410.15,305.77,390.35,1
59,313,33.185,754.01,221.42,44.737,1
59,314,676.35,382.08,305.77,416.67,1
59,314,52.164,738.22,196.11,60.526,1
59,315,695.33,387.34,303.66,413.16,1
59,315,33.185,738.22,196.11,60.526,1
59,316,707.98,383.83,299.44,416.67,1
59,316,0.5,745.24,230.91,55.263,1
59,317,714.31,382.08,293.11,416.67,1
59,317,0.5,736.46,239.34,62.281,1
59,318,716.41,383.83,286.79,416.67,1
59,318,0.5,743.48,218.25,57.018,1
59,319,710.09,385.59,293.11,414.91,1
59,319,0.5,734.71,218.25,65.789,1
59,320,716.41,380.32,286.79,420.18,1
59,320,1.5544,720.68,240.4,79.825,1
59,321,657.37,420.68,371.14,379.82,1
59,321,0.5,725.94,224.58,74.561,1
59,322,657.37,420.68,371.14,379.82,1
59,322,0.5,738.22,235.12,62.281,1
59,323,743.83,385.59,284.68,414.91,1
59,323,102.77,780.5,143.39,20,1
59,324,745.94,397.87,282.57,402.63,1
59,325,726.96,396.11,301.55,404.39,1
59,326,701.65,396.99,326.85,403.51,1
59,327,695.15,399.74,308.05,400.76,1
59,328,693.22,404.49,307.87,396.01,1
59,329,681.64,411.46,326.3,389.04,1
59,330,680.57,403.13,322.64,397.37,1
59,331,684.78,403.52,316.54,396.98,1
59,332,712.2,387.34,299.44,413.16,1
59,333,718.52,387.34,298.03,413.16,1
59,334,697.44,415.41,318.77,385.09,1
59,335,697.08,413.59,320.37,385.16,1
59,336,695.33,408.39,331.07,392.11,1
59,337,680.57,406.64,322.64,393.86,1
59,338,665.36,410.92,314.65,389.58,1
59,339,663.7,406.64,322.64,393.86,1
59,340,663.7,406.64,339.51,393.86,1
59,341,684.78,406.64,318.42,393.86,1
59,342,689,406.64,318.42,393.86,1
59,343,695.33,404.89,318.42,393.86,1
59,344,705.87,397.87,314.2,400.88,1
59,345,705.87,397.87,314.2,400.88,1
59,346,705.87,397.87,314.2,400.88,1
59,347,697.44,404.89,322.64,393.86,1
59,348,697.44,404.89,316.31,393.86,1
59,349,700.52,401.42,313.22,397.32,1
59,350,702.4,398.93,311.35,399.82,1
59,351,703.36,397.29,310.39,401.46,1
59,352,703.71,396.39,310.03,402.36,1
59,353,703.76,396.11,309.98,402.63,1
59,354,697.96,397.03,315.78,401.72,1
59,355,680.57,398.85,333.18,399.89,1
59,356,564.59,401.29,449.16,397.45,1
59,357,619.41,404.89,394.33,393.86,1
59,358,625.74,404.89,385.76,393.86,1
59,359,629.96,404.89,380.25,393.86,1
59,360,672.63,404.89,337.52,393.86,1
59,361,682.76,404.89,328.88,393.86,1
59,362,689,404.89,324.74,393.86,1
59,363,692.29,404.13,319.39,394.74,1
59,364,694.97,401.99,313.1,397.24,1
59,365,696.77,398.67,305.77,401.11,1
59,366,697.44,394.36,297.33,406.14,1
59,367,676.17,395.68,297.33,404.82,1
59,368,671.52,396.11,297.33,404.39,1
59,369,688.94,395.66,297.33,404.84,1
59,370,705.36,394.88,297.33,405.62,1
59,371,714.31,394.36,297.33,406.14,1
59,372,714.27,394.55,298.48,405.95,1
59,373,714.04,395.17,301.64,405.33,1
59,374,713.42,396.25,306.33,404.25,1
59,375,712.2,397.87,312.09,402.63,1
59,376,701.47,397.87,312.09,402.63,1
59,377,693.53,397.87,312.09,402.63,1
59,378,688.59,397.87,312.09,402.63,1
59,379,686.89,397.87,312.09,402.63,1
59,380,687.7,397.87,312.09,402.63,1
59,381,600.43,408.39,401.94,392.11,1
59,382,629.96,468.04,373.23,332.46,1
59,383,698.92,482.47,384.41,318.03,1
59,383,634.17,54.009,276.24,661.4,1
59,384,794.44,480.32,369.03,320.18,1
59,384,594.11,92.605,269.92,707.02,1
59,385,667.91,676.82,276.24,123.68,1
59,385,507.65,171.55,356.38,628.07,1
59,386,661.59,720.68,250.94,79.825,1
59,386,271.47,287.34,447.05,513.16,1
59,387,777.57,562.78,385.9,237.72,1
59,387,0.5,382.08,363.76,418.42,1
59,388,712.2,432.96,458.2,367.54,1
59,388,0.5,641.73,68.534,158.77,1
59,389,551.93,362.78,478.97,437.72,1
59,390,585.67,292.61,333.91,507.89,1
59,391,604.65,273.31,292.48,527.19,1
59,391,92.23,724.18,242.5,76.316,1
59,392,598.33,292.61,309.98,507.89,1
59,392,134.4,687.34,272.03,113.16,1
59,393,619.41,283.83,278.35,516.67,1
59,393,109.1,625.94,269.92,174.56,1
59,394,613.09,282.08,272.03,518.42,1
59,394,83.795,583.83,253.05,216.67,1
59,395,600.43,276.82,284.68,523.68,1
59,395,75.36,578.57,242.5,221.93,1
59,396,600.43,276.82,278.35,523.68,1
59,396,22.642,678.57,242.5,121.93,1
59,397,613.09,264.54,265.7,535.96,1
59,397,12.098,743.48,229.85,57.018,1
59,398,623.63,259.27,255.16,541.23,1
59,398,0.5,732.96,144.45,67.544,1
59,399,623.63,259.27,272.03,541.23,1
59,399,0.5,706.64,79.077,93.86,1
59,400,623.63,259.27,272.03,541.23,1
59,400,0.5,655.76,129.69,144.74,1
59,401,629.96,259.27,265.7,541.23,1
59,401,0.5,590.85,237.23,209.65,1
59,402,629.96,259.27,265.7,541.23,1
59,402,59.544,552.25,374.3,248.25,1
59,403,629.96,259.27,265.7,541.23,1
59,403,40.566,539.97,334.23,260.53,1
59,404,648.93,250.5,265.7,550,1
59,404,22.642,517.17,295.22,283.33,1
59,405,655.26,248.75,276.24,551.75,1
59,405,49.001,522.43,287.84,278.07,1
59,406,641.01,225.02,265.7,575.48,1
59,406,90.121,536.46,278.35,264.04,1
59,407,560.37,185.17,328.96,615.33,1
59,407,207.16,471.55,277.3,328.95,1
59,408,549.82,161.03,337.4,639.47,1
59,408,335.79,350.5,359.54,450,1
59,409,648.78,105.48,246.88,695.02,1
59,409,483.4,271.55,361.65,528.95,1
59,409,0.5,603.13,152.88,197.37,1
59,410,686.73,66.884,246.88,659.05,1
59,410,561.42,203.13,372.19,597.37,1
59,410,93.284,383.83,308.93,416.67,1
59,411,729.34,40.906,235.7,592.05,1
59,411,561.42,148.75,372.19,651.75,1
59,411,324.19,276.82,354.27,523.68,1
59,412,773.19,28.288,213.14,569.58,1
59,412,621.52,110.15,303.66,631.58,1
59,412,459.15,206.64,417.53,593.86,1
59,413,815.37,30.042,181.51,443.26,1
59,413,672.13,73.307,267.81,631.58,1
59,413,583.56,168.04,383.79,632.46,1
59,414,851.21,26.533,162.53,374.84,1
59,414,724.85,45.237,202.44,571.93,1
59,414,560.37,171.55,406.99,628.95,1
59,415,851.21,26.533,124.57,246.77,1
59,415,762.81,38.219,177.13,528.07,1
59,415,560.37,178.57,385.9,621.93,1
59,416,802.87,24.184,177.13,478.95,1
59,416,545.61,178.57,400.66,621.93,1
59,417,830.29,24.184,149.72,394.74,1
59,417,545.61,178.57,400.66,621.93,1
59,417,0.5,689.1,114.93,111.4,1
59,418,855.59,25.939,149.72,368.42,1
59,418,545.61,178.57,400.66,621.93,1
59,418,0.5,427.69,308.93,372.81,1
59,419,545.61,178.57,400.66,621.93,1
59,419,97.502,385.59,357.43,414.91,1
59,420,545.61,178.57,400.66,621.93,1
59,420,272.53,318.92,384.84,481.58,1
59,421,598.33,154.01,369.03,646.49,1
59,421,354.77,264.54,384.84,535.96,1
59,422,638.39,148.75,328.96,651.75,1
59,422,409.59,275.06,437.56,525.44,1
59,423,621.52,148.75,345.83,651.75,1
59,423,390.62,294.36,460.76,506.14,1
59,424,598.33,120.68,345.83,679.82,1
59,424,273.58,304.89,541.94,495.61,1
59,425,549.82,146.99,350.05,653.51,1
59,425,313.65,276.82,440.72,523.68,1
59,426,636.28,120.68,282.57,679.82,1
59,426,313.65,290.85,546.16,509.65,1
59,427,665.8,127.69,282.57,672.81,1
59,427,298.89,289.1,453.38,509.65,1
59,428,646.83,120.68,282.57,679.82,1
59,428,290.45,289.1,461.81,509.65,1
59,429,701.65,73.307,231.96,727.19,1
59,429,311.54,289.1,402.77,509.65,1
59,430,657.37,55.763,288.9,744.74,1
59,430,336.84,266.29,396.44,534.21,1
59,431,676.35,25.939,263.59,675.44,1
59,431,509.76,182.08,362.7,618.42,1
59,432,769.13,25.939,212.98,542.11,1
59,432,598.33,124.18,312.09,676.32,1
59,433,625.74,54.009,261.48,670.18,1
59,434,716.41,31.202,274.14,645.61,1
59,434,1062.2,334.71,218.25,465.79,1
59,435,617.3,420.68,414.37,379.82,1
59,436,102.77,471.55,444.94,328.95,1
59,436,0.5,483.83,224.58,316.67,1
59,437,0.5,699.62,150.77,100.88,1
59,437,82.741,271.55,553.54,528.95,1
59,438,311.54,225.94,324.74,574.56,1
59,439,395.89,217.17,324.74,583.33,1
59,440,463.37,175.06,324.74,625.44,1
59,440,0.5,585.59,64.316,214.91,1
59,441,556.15,134.71,307.87,665.79,1
59,441,0.5,585.59,64.316,214.91,1
59,442,587.78,113.66,307.87,686.84,1
59,442,0.5,576.82,199.28,223.68,1
59,443,596.22,57.518,282.57,742.98,1
59,443,76.414,443.48,298.39,357.02,1
59,444,701.65,25.939,217.2,696.49,1
59,444,371.64,318.92,437.56,481.58,1
59,445,788.11,25.939,168.7,519.3,1
59,445,529.79,208.39,422.8,592.11,1
59,446,855.59,25.939,101.22,447.37,1
59,446,602.54,103.13,360.59,697.37,1
59,447,874.57,24.184,143.39,392.98,1
59,447,689,39.974,263.59,650.88,1
59,448,750.15,25.939,212.98,538.6,1
59,449,817.63,25.939,196.11,447.37,1
59,453,961.03,376.82,319.47,423.68,1
59,454,596.22,234.71,473.41,565.79,1
59,455,480.24,201.38,427.02,599.12,1
59,456,524.52,183.83,358.48,616.67,1
59,457,575.13,132.96,299.44,667.54,1
59,458,606.76,76.816,259.37,705.26,1
59,459,716.41,29.447,229.85,666.67,1
59,460,792.33,24.184,204.55,577.19,1
59,461,851.37,25.939,187.68,470.18,1
59,526,638.39,127.69,223.53,629.82,1
59,527,606.76,152.25,339.51,648.25,1
59,528,545.61,197.87,400.66,602.63,1
59,529,545.61,241.73,352.16,558.77,1
59,530,454.93,324.18,432.29,476.32,1
59,531,446.5,359.27,392.22,441.23,1
59,532,516.08,364.54,293.11,435.96,1
59,533,516.08,422.43,293.11,378.07,1
59,534,539.28,471.55,293.11,328.95,1
59,535,733.28,432.96,316.31,367.54,1
59,536,876.68,436.46,403.82,364.04,1
59,537,1163.5,617.17,117.03,183.33,1
59,568,826.07,732.96,238.29,67.544,1
59,585,617.3,52.254,257.27,710.53,1
59,586,570.91,106.64,326.85,693.86,1
59,587,532.95,157.52,350.05,642.98,1
59,588,509.76,211.9,409.09,588.6,1
59,589,562.48,301.38,436.51,499.12,1
59,590,741.72,397.87,516.64,402.63,1
59,591,1201.4,745.24,79.077,55.263,1
59,612,1079.1,562.78,201.38,237.72,1
59,613,741.72,396.11,382.73,404.39,1
59,614,355.82,382.08,412.26,418.42,1
59,615,155.49,366.29,399.6,434.21,1
59,616,0.5,375.06,394.33,425.44,1
59,617,0.5,466.29,172.92,334.21,1
59,618,0.5,513.66,84.349,286.84,1
59,619,0.5,746.99,37.957,53.509,1
59,622,899.87,669.8,380.63,130.7,1
59,623,288.34,608.39,473.41,192.11,1
59,624,0.5,555.76,411.2,244.74,1
59,625,0.5,664.54,122.31,135.96,1
59,707,615.2,62.781,240.4,636.84,1
59,708,602.54,82.079,240.4,671.93,1
59,709,602.54,115.41,257.27,685.09,1
59,710,547.72,229.45,341.61,571.05,1
59,711,596.22,336.46,398.55,464.04,1
59,712,819.74,511.9,447.05,288.6,1
59,727,0.5,461.03,315.26,339.47,1
59,728,63.762,243.48,545.11,557.02,1
59,729,267.25,161.03,356.38,639.47,1
59,730,412.76,104.89,297.33,695.61,1
59,731,535.06,45.237,280.46,755.26,1
59,732,646.83,25.939,219.31,774.56,1
59,733,720.63,25.939,202.44,645.61,1
59,734,802.87,25.939,202.44,522.81,1
59,735,834.5,25.939,170.81,422.81,1
59,735,0.5,580.32,55.881,220.18,1
59,736,0.5,478.57,169.75,321.93,1
59,737,0.5,355.76,287.84,444.74,1
59,737,0.5,715.41,39.012,85.088,1
59,738,93.284,359.27,414.37,441.23,1
59,738,70.088,557.52,313.15,242.98,1
59,739,259.87,299.62,414.37,500.88,1
59,739,308.37,525.94,313.15,274.56,1
59,740,410.65,254.01,263.59,546.49,1
59,740,525.57,489.1,418.58,311.4,1
59,741,463.37,238.22,278.35,562.28,1
59,741,561.42,404.89,456.54,395.61,1
59,742,509.76,168.04,278.35,632.46,1
59,742,632.07,369.8,328.96,430.7,1
59,743,600.43,115.41,265.7,685.09,1
59,743,752.26,457.52,354.27,342.98,1
59,744,657.37,76.816,274.14,723.68,1
59,744,927.29,546.99,353.21,253.51,1
59,745,684.78,31.202,274.14,629.82,1
59,746,726.96,27.693,212.98,598.25,1
59,747,712.2,29.447,206.66,598.25,1
59,748,712.2,29.447,202.44,598.25,1
59,749,726.96,24.184,202.44,598.25,1
59,784,0.5,689.1,336.34,111.4,1
59,784,977.9,569.8,302.6,230.7,1
59,785,699.54,355.76,344.78,444.74,1
59,786,558.26,273.31,344.78,525.44,1
59,787,467.58,250.5,386.95,550,1
59,788,467.58,224.18,362.7,576.32,1
59,789,539.28,157.52,309.98,642.98,1
59,790,585.67,103.13,295.22,697.37,1
59,791,670.02,75.061,265.7,680.7,1
59,792,733.28,34.711,240.4,636.84,1
59,793,800.76,25.939,219.31,528.07,1
59,827,1034.8,552.25,245.67,248.25,1
59,828,258.82,585.59,435.45,214.91,1
59,829,0.5,576.82,337.4,223.68,1
59,830,0.5,766.29,25.305,34.211,1
59,851,332.63,650.5,383.79,150,1
59,852,0.5,580.32,273.08,220.18,1
59,909,0.5,655.76,74.86,144.74,1
59,910,0.5,582.08,294.17,218.42,1
59,911,461.26,704.89,257.27,95.614,1
59,938,893.55,666.29,318.42,134.21,1
59,939,406.43,622.43,548.27,178.07,1
59,940,69.034,569.8,531.4,230.7,1
59,941,0.5,636.46,296.28,164.04,1
59,942,0.5,713.66,43.229,86.842,1
59,942,739.61,562.78,463.92,237.72,1
59,943,385.34,522.43,510.31,278.07,1
59,944,136.51,487.34,440.72,313.16,1
59,945,0.5,476.82,405.93,323.68,1
59,946,0.5,539.97,178.19,260.53,1
59,947,0.5,645.24,108.6,155.26,1
59,967,0.5,452.25,340.56,348.25,1
59,968,112.26,464.54,365.86,335.96,1
59,969,635.23,469.8,365.86,330.7,1
59,970,1238.3,775.06,42.175,25.439,1
59,984,613.09,90.851,246.72,636.84,1
59,985,598.33,115.41,274.14,685.09,1
59,986,545.61,168.04,265.7,632.46,1
59,987,499.21,232.96,362.7,567.54,1
59,988,421.19,327.69,362.7,472.81,1
59,989,594.11,434.71,449.16,365.79,1
59,990,1085.4,627.69,195.06,172.81,1
59,1015,1043.3,441.73,237.23,358.77,1
59,1016,374.8,434.71,386.95,365.79,1
59,1017,12.098,397.87,349,402.63,1
59,1018,0.5,525.94,122.31,274.56,1
59,1127,623.63,62.781,257.27,689.47,1
59,1128,596.22,62.781,274.14,696.49,1
59,1129,570.91,85.588,312.09,707.02,1
59,1130,541.39,99.623,366.92,700.88,1
59,1131,541.39,161.03,409.09,639.47,1
59,1132,562.48,224.18,482.9,576.32,1
59,1133,712.2,308.39,568.3,492.11,1
59,1134,1108.6,555.76,171.86,244.74,1
59,1138,0.5,590.85,197.17,209.65,1
59,1139,93.284,431.2,526.13,369.3,1
59,1140,381.13,327.69,358.48,469.3,1
59,1141,482.35,315.41,303.66,479.82,1
59,1142,518.19,292.61,267.81,502.63,1
59,1143,545.61,217.17,267.81,583.33,1
59,1144,617.3,150.5,248.83,650,1
59,1145,665.8,80.325,200.33,720.18,1
59,1146,764.92,34.711,170.81,615.79,1
59,1147,838.72,25.939,160.26,498.25,1
59,1275,1243.6,745.24,36.903,55.263,1
59,1276,642.61,648.75,424.91,151.75,1
59,1277,212.43,534.71,528.24,265.79,1
59,1278,0.5,515.41,512.42,285.09,1
59,1279,0.5,576.82,328.96,223.68,1
59,1280,0.5,597.87,141.29,202.63,1
59,1304,855.59,501.38,424.91,299.12,1
59,1305,482.35,366.29,429.13,434.21,1
59,1306,260.93,357.52,416.47,442.98,1
59,1307,260.93,331.2,385.9,469.3,1
59,1308,203.99,355.76,385.9,444.74,1
59,1309,0.5,415.41,349,385.09,1
59,1310,0.5,529.45,125.47,271.05,1
59,1328,0.5,462.78,197.17,337.72,1
59,1329,302.05,455.76,515.58,344.74,1
59,1330,947.32,399.62,333.18,400.88,1
59,1391,621.52,54.009,229.85,705.26,1
59,1392,606.76,87.342,242.5,713.16,1
59,1393,522.41,139.97,316.31,660.53,1
59,1394,522.41,238.22,396.44,562.28,1
59,1395,575.13,361.03,518.75,439.47,1
59,1396,845.05,327.69,409.09,472.81,1
59,1397,1077,397.87,203.49,402.63,1
59,1477,716.41,85.588,225.63,638.6,1
59,1478,716.41,85.588,225.63,638.6,1
59,1479,646.83,129.45,274.14,617.54,1
59,1480,615.2,199.62,316.31,600.88,1
59,1481,632.07,345.24,388.01,455.26,1
59,1482,1085.4,617.17,195.06,183.33,1
59,1599,769.13,27.693,206.66,540.35,1
59,1600,769.13,27.693,206.66,540.35,1
59,1600,783.89,46.991,238.29,589.47,1
59,1601,769.13,27.693,206.66,540.35,1
59,1601,699.54,62.781,267.81,677.19,1
59,1602,764.92,31.202,206.66,577.19,1
59,1602,655.26,97.868,291,702.63,1
59,1603,693.22,46.991,259.37,624.56,1
59,1603,560.37,146.99,331.07,653.51,1
59,1604,636.28,76.816,284.68,663.16,1
59,1604,511.87,217.17,385.9,583.33,1
59,1605,547.72,120.68,347.94,678.95,1
59,1605,518.19,334.71,385.9,465.79,1
59,1606,495,182.08,331.07,618.42,1
59,1606,454.93,436.46,466.03,364.04,1
59,1607,467.58,264.54,402.77,535.96,1
59,1607,809.2,552.25,341.61,248.25,1
59,1608,467.58,387.34,366.92,413.16,1
59,1608,1241.5,776.82,39.012,23.684,1
59,1609,813.42,417.17,337.4,383.33,1
59,1610,1241.5,673.31,39.012,127.19,1
59,1618,1007.4,454.01,273.08,346.49,1
59,1619,290.45,573.31,479.74,227.19,1
59,1620,0.5,669.8,194,130.7,1
59,1656,592,104.89,261.48,636.84,1
59,1657,598.33,118.92,261.48,681.58,1
59,1658,532.95,173.31,288.9,627.19,1
59,1659,532.95,250.5,341.61,550,1
59,1660,570.91,434.71,444.94,365.79,1
59,1707,678.46,680.32,322.64,120.18,1
59,1708,81.686,601.38,478.68,199.12,1
59,1709,0.5,669.8,205.6,130.7,1
59,1734,836.61,618.92,297.33,181.58,1
59,1735,596.22,445.24,425.96,355.26,1
59,1736,469.69,322.43,371.14,478.07,1
59,1737,381.13,276.82,400.66,523.68,1
59,1738,423.3,252.25,366.92,548.25,1
59,1739,495,199.62,356.38,600.88,1
59,1740,554.04,183.83,297.33,616.67,1
59,1741,596.22,118.92,255.16,681.58,1
59,1742,695.33,59.272,185.57,657.89,1
59,1743,735.39,31.202,185.57,573.68,1
59,1758,0.5,654.01,30.577,96.491,1
59,1759,0.5,527.69,178.19,272.81,1
59,1760,105.94,364.54,511.37,435.96,1
59,1761,393.78,301.38,309.98,499.12,1
59,1762,467.58,294.36,240.4,506.14,1
59,1763,490.78,257.52,259.37,542.98,1
59,1764,522.41,192.61,299.44,607.89,1
59,1765,621.52,97.868,189.79,702.63,1
59,1766,718.52,45.237,175.02,659.65,1
59,1767,813.42,32.956,151.83,561.4,1
59,1788,743.83,520.68,423.86,279.82,1
59,1789,246.17,415.41,497.66,385.09,1
59,1790,0.5,364.54,378.52,435.96,1
59,1791,0.5,490.85,152.88,309.65,1
59,1792,0.5,654.01,41.12,63.158,1
59,1918,640.5,90.851,206.66,621.05,1
59,1919,644.72,71.553,225.63,643.86,1
59,1920,617.3,99.623,244.61,700.88,1
59,1921,575.13,134.71,282.57,665.79,1
59,1922,558.26,194.36,322.64,606.14,1
59,1923,454.93,252.25,402.77,548.25,1
59,1924,334.73,310.15,425.96,490.35,1
59,1925,125.97,104.89,487.12,695.61,1
59,1926,16.315,401.38,436.51,399.12,1
59,1927,0.5,529.45,216.14,271.05,1
59,1986,0.5,443.48,249.88,357.02,1
59,1987,306.27,427.69,323.69,372.81,1
59,1988,945.21,394.36,335.29,406.14,1
59,2010,1140.3,332.96,140.23,467.54,1
59,2011,686.89,313.66,335.29,486.84,1
59,2012,480.24,269.8,358.48,530.7,1
59,2013,480.24,229.45,316.31,571.05,1
59,2014,520.3,159.27,265.7,641.23,1
59,2015,615.2,103.13,231.96,688.6,1
59,2016,691.11,55.763,170.81,681.58,1
59,2017,754.37,24.184,198.22,578.95,1
59,2018,811.31,24.184,156.05,431.58,1
59,2050,0.5,632.96,74.86,167.54,1
59,2051,0.5,380.32,233.01,420.18,1
59,2052,167.09,362.78,380.63,437.72,1
59,2053,629.96,343.48,318.42,457.02,1
59,2067,0.5,661.03,32.685,139.47,1
59,2068,0.5,510.15,351.1,290.35,1
59,2069,108.05,555.76,916.24,244.74,1
59,2070,756.48,748.75,312.09,51.754,1
59,2163,1110.7,657.52,169.75,142.98,1
59,2164,830.29,420.68,366.92,379.82,1
59,2164,353.71,632.96,286.79,167.54,1
59,2165,402.21,387.34,379.57,413.16,1
59,2165,0.5,573.31,315.26,227.19,1
59,2166,56.381,411.9,434.4,388.6,1
59,2167,0.5,411.9,216.14,388.6,1
59,2168,0.5,604.89,64.316,195.61,1
59,2186,644.72,69.798,248.83,645.61,1
59,2187,621.52,97.868,248.83,668.42,1
59,2188,575.13,154.01,272.03,646.49,1
59,2189,558.26,204.89,350.05,595.61,1
59,2190,655.26,317.17,453.38,483.33,1
59,2191,1066.5,475.06,214.04,325.44,1
59,2223,615.2,83.833,225.63,682.46,1
59,2224,618.06,88.846,233.32,686.22,1
59,2225,593.51,121.93,278.96,678.57,1
59,2226,524.67,162.78,305.62,637.72,1
59,2227,441.07,239.97,353.36,560.53,1
59,2228,176.13,339.97,390.57,460.53,1
59,2229,0.5,445.24,311.04,355.26,1
59,2230,0.5,585.59,110.71,214.91,1
59,2389,0.5,710.15,62.208,90.351,1
59,2390,0.5,469.8,161.32,330.7,1
59,2391,0.5,362.78,334.23,437.72,1
59,2392,149.17,331.2,335.29,469.3,1
59,2393,368.47,346.99,371.14,453.51,1
59,2394,640.5,343.48,404.88,457.02,1
59,2395,984.22,332.96,296.28,467.54,1
59,2519,996.88,478.57,283.62,321.93,1
59,2520,393.78,438.22,475.52,362.28,1
59,2521,20.533,448.75,425.96,351.75,1
59,2522,0.5,538.22,216.14,262.28,1
59,2577,613.09,69.798,229.85,694.74,1
59,2578,613.09,69.798,229.85,710.53,1
59,2579,554.04,117.17,280.46,683.33,1
59,2580,554.04,157.52,326.85,642.98,1
59,2581,554.04,227.69,423.86,572.81,1
59,2582,674.24,299.62,470.25,500.88,1
59,2583,1081.2,459.27,199.28,341.23,1
59,2676,745.94,569.8,398.55,230.7,1
59,2677,71.143,583.83,459.7,216.67,1
59,2678,0.5,657.52,277.3,142.98,1
59,2704,615.2,85.588,253.05,626.32,1
59,2705,617.3,97.868,246.72,675.44,1
59,2706,600.43,148.75,263.59,651.75,1
59,2707,568.8,194.36,312.09,606.14,1
59,2708,507.65,246.99,373.25,553.51,1
59,2709,579.35,278.57,438.62,521.93,1
59,2710,629.96,325.94,503.99,474.56,1
59,2711,589.89,380.32,503.99,420.18,1
59,2712,821.85,480.32,458.65,320.18,1
59,2832,0.5,771.55,20.033,28.947,1
59,2833,0.5,420.68,370.08,379.82,1
59,2834,191.34,364.54,297.33,435.96,1
59,2835,385.34,345.24,491.33,455.26,1
59,2836,661.59,473.31,377.46,327.19,1
59,2846,1193,539.97,87.512,260.53,1
59,2847,349.5,596.11,446,204.39,1
59,2848,0.5,527.69,402.77,272.81,1
59,2849,0.5,675.06,34.794,125.44,1
59,2881,958.92,380.32,321.58,420.18,1
59,2882,575.13,348.75,355.32,451.75,1
59,2882,1142.4,690.85,138.12,109.65,1
59,2883,446.5,268.04,355.32,532.46,1
59,2883,676.35,603.13,392.22,197.37,1
59,2884,465.48,262.78,328.96,537.72,1
59,2884,509.76,504.89,442.83,295.61,1
59,2885,539.28,194.36,261.48,606.14,1
59,2885,545.61,354.01,455.49,446.49,1
59,2886,539.28,145.24,276.24,655.26,1
59,2886,530.85,303.13,440.72,497.37,1
59,2887,602.54,104.89,261.48,695.61,1
59,2887,467.58,243.48,470.25,557.02,1
59,2888,697.44,55.763,198.22,628.07,1
59,2888,564.59,159.27,373.25,641.23,1
59,2889,762.81,27.693,198.22,557.89,1
59,2889,581.46,111.9,373.25,688.6,1
59,2890,800.76,27.693,198.22,477.19,1
59,2890,655.26,82.079,299.44,701.75,1
59,2891,834.5,27.693,164.48,408.77,1
59,2891,724.85,41.728,234.07,631.58,1
59,2891,0.5,557.52,188.73,242.98,1
59,2892,834.5,27.693,164.48,408.77,1
59,2892,756.48,27.693,215.09,552.63,1
59,2892,173.42,417.17,340.56,383.33,1
59,2893,802.87,27.693,168.7,503.51,1
59,2893,469.69,317.17,301.55,483.33,1
59,2894,627.85,206.64,261.48,593.86,1
59,2895,697.44,120.68,223.53,563.16,1
59,2914,1161.4,655.76,119.14,144.74,1
59,2915,674.24,404.89,498.71,395.61,1
59,2916,547.72,285.59,339.51,514.91,1
59,2917,404.32,275.06,347.94,525.44,1
59,2918,404.32,257.52,347.94,542.98,1
59,2919,486.56,196.11,307.87,604.39,1
59,2920,537.17,150.5,331.07,650,1
59,2921,623.63,80.325,269.92,720.18,1
59,2922,710.09,29.447,219.31,635.09,1
59,2923,750.15,24.184,189.79,524.56,1
59,2924,794.44,25.939,189.79,468.42,1
59,2953,1053.8,617.17,226.69,183.33,1
59,2954,581.46,343.48,494.5,457.02,1
59,2955,454.93,232.96,356.38,567.54,1
59,2956,442.28,220.68,409.09,579.82,1
59,2957,528.74,159.27,276.24,641.23,1
59,2958,556.15,124.18,314.2,676.32,1
59,2959,617.3,64.535,314.2,719.3,1
59,2960,771.24,25.939,215.09,591.23,1
59,2961,811.31,25.939,175.02,464.91,1
59,3011,629.96,146.99,246.72,580.7,1
59,3012,604.65,150.5,246.72,580.7,1
59,3013,587.78,162.78,246.72,637.72,1
59,3014,566.69,196.11,301.55,604.39,1
59,3015,526.63,283.83,335.29,516.67,1
59,3016,657.37,357.52,388.01,442.98,1
59,3017,990.55,475.06,289.95,325.44,1
59,3106,798.65,711.9,288.9,88.596,1
59,3107,452.82,427.69,373.25,372.81,1
59,3108,393.78,292.61,324.74,507.89,1
59,3109,408.54,271.55,345.83,528.95,1
59,3110,484.45,178.57,307.87,621.93,1
59,3111,556.15,125.94,276.24,674.56,1
59,3112,610.98,69.798,202.44,730.7,1
59,3113,674.24,27.693,202.44,673.68,1
59,3284,613.09,76.816,246.72,645.61,1
59,3285,596.22,127.69,246.72,672.81,1
59,3286,537.17,154.01,318.42,646.49,1
59,3287,530.85,204.89,358.48,595.61,1
59,3288,406.43,289.1,396.44,511.4,1
59,3289,168.14,369.8,428.07,430.7,1
59,3290,0.5,469.8,325.8,330.7,1
59,3291,0.5,583.83,146.56,216.67,1
59,3306,0.5,581.78,41.85,62.979,1
59,3307,0.5,541.73,144.45,258.77,1
59,3308,15.261,434.71,515.58,365.79,1
59,3309,379.02,466.29,291,334.21,1
59,3310,961.03,494.36,319.47,306.14,1
59,3350,781.79,687.34,242.5,113.16,1
59,3351,701.65,555.76,350.05,244.74,1
59,3352,566.69,485.59,350.05,314.91,1
59,3353,244.06,497.87,474.46,302.63,1
59,3354,0.5,478.57,353.21,321.93,1
59,3355,0.5,606.64,102.27,193.86,1
59,3372,427.52,699.62,291,100.88,1
59,3373,113.32,587.34,510.31,213.16,1
59,3374,0.5,552.25,367.97,248.25,1
59,3375,0.5,594.36,209.82,206.14,1
59,3376,0.5,632.96,110.71,167.54,1
59,3377,0.5,710.15,43.229,90.351,1
59,3400,0.5,541.73,119.14,258.77,1
59,3401,0.5,473.31,233.01,327.19,1
59,3402,0.5,489.1,391.17,311.4,1
59,3403,0.5,597.87,319.47,202.63,1
59,3404,0.5,652.25,275.19,148.25,1
59,3405,20.533,548.75,447.05,251.75,1
59,3406,241.95,415.41,442.83,385.09,1
59,3407,330.52,331.2,501.88,469.3,1
59,3407,1089.7,666.29,190.84,134.21,1
59,3408,372.69,296.11,510.31,504.39,1
59,3408,1001.1,562.78,279.41,237.72,1
59,3409,467.58,254.01,436.51,546.49,1
59,3409,923.07,536.46,357.43,264.04,1
59,3409,0.5,487.34,268.86,313.16,1
59,3410,516.08,229.45,383.79,571.05,1
59,3410,828.18,629.45,357.43,171.05,1
59,3410,23.696,376.82,378.52,423.68,1
59,3410,0.5,646.99,74.86,153.51,1
59,3411,532.95,162.78,362.7,637.72,1
59,3411,828.18,690.85,452.32,109.65,1
59,3411,239.84,313.66,354.27,486.84,1
59,3411,0.5,613.66,258.32,186.84,1
59,3412,786,699.62,494.5,100.88,1
59,3412,127.02,539.97,330.02,260.53,1
59,3412,412.76,124.18,503.99,676.32,1
59,3413,804.98,564.54,475.52,235.96,1
59,3413,230.35,371.55,494.5,428.95,1
59,3413,412.76,84.711,526.13,715.79,1
59,3414,737.5,394.36,475.52,406.14,1
59,3414,393.78,262.78,468.14,537.72,1
59,3414,412.76,45.237,548.27,755.26,1
59,3415,554.04,343.48,502.93,457.02,1
59,3415,511.87,25.939,449.16,774.56,1
59,3416,543.5,238.22,419.64,562.28,1
59,3416,511.87,25.939,449.16,774.56,1
59,3417,530.85,173.31,432.29,627.19,1
59,3417,528.74,25.939,432.29,774.56,1
59,3418,558.26,125.94,404.88,674.56,1
59,3418,551.93,25.939,409.09,774.56,1
59,3419,617.3,89.096,345.83,711.4,1
59,3419,621.52,25.939,339.51,774.56,1
59,3420,682.67,57.518,267.81,698.25,1
59,3420,807.09,24.184,183.46,515.79,1
59,3421,733.28,27.693,200.33,601.75,1
59,3421,807.09,24.184,170.81,445.61,1
59,3422,779.68,25.939,200.33,514.04,1
59,3424,0.5,708.39,72.751,92.105,1
59,3425,0.5,483.83,494.5,316.67,1
59,3426,225.08,397.87,539.84,402.63,1
59,3427,412.76,334.71,400.66,465.79,1
59,3428,457.04,273.31,375.35,527.19,1
59,3429,457.04,250.5,335.29,550,1
59,3430,539.28,182.08,295.22,618.42,1
59,3431,642.61,131.2,212.98,669.3,1
59,3432,748.05,76.816,206.66,598.25,1
59,3433,792.33,39.974,206.66,538.6,1
59,3434,838.72,24.184,153.94,445.61,1
59,3486,1083.3,462.78,197.17,337.72,1
59,3487,670.02,478.57,421.75,321.93,1
59,3488,465.48,399.62,474.46,400.88,1
59,3489,433.84,294.36,419.64,506.14,1
59,3490,412.76,262.78,369.03,537.72,1
59,3491,471.8,227.69,339.51,572.81,1
59,3492,556.15,145.24,333.18,655.26,1
59,3493,606.76,111.9,253.05,688.6,1
59,3494,640.5,71.553,265.7,675.44,1
59,3495,682.67,57.518,206.66,608.77,1
59,3496,632.07,124.18,223.53,542.11,1
59,3548,0.5,543.48,235.12,257.02,1
59,3549,310.48,550.5,372.19,250,1
59,3550,825.01,478.57,382.73,321.93,1
59,3551,1257.3,654.01,23.196,146.49,1
59,3581,604.65,41.728,259.37,735.09,1
59,3582,604.65,50.5,309.98,750,1
59,3583,560.37,92.605,314.2,707.89,1
59,3584,564.59,168.04,354.27,632.46,1
59,3585,640.5,332.96,468.14,467.54,1
59,3586,1102.3,668.04,178.19,132.46,1
59,3617,636.28,64.535,221.42,661.4,1
59,3618,623.63,75.061,236.18,692.98,1
59,3619,551.93,125.94,335.29,674.56,1
59,3620,497.11,203.13,381.68,597.37,1
59,3621,454.93,325.94,466.03,474.56,1
59,3622,661.59,517.17,345.83,283.33,1
59,3662,0.5,673.31,209.82,127.19,1
59,3663,148.11,696.11,287.84,104.39,1
