40,239,472.48,52.542,114.83,253.64,1
40,240,452.22,48.5,119.89,267.79,1
40,241,431.95,46.816,114.83,272.84,1
40,242,393.11,56.584,133.74,288.34,1
40,243,393.11,53.553,126.65,303.16,1
40,244,386.7,53.553,121.25,303.16,1
40,245,366.26,60.626,123.61,323.03,1
40,246,345.83,61.974,131.72,345.26,1
40,247,317.12,61.974,160.42,345.26,1
40,248,308.68,77.132,155.36,382.32,1
40,249,296.86,80.5,163.8,400,1
40,250,279.97,88.921,168.87,391.58,1
40,705,498.63,16.802,67.989,130.87,1
40,706,484.13,16.711,79.773,136.39,1
40,707,487.75,16.621,67.989,139.65,1
40,708,492.83,16.53,60.737,140.2,1
40,709,488.66,16.44,56.929,149.34,1
40,710,475.97,16.349,61.643,149.43,1
40,711,472.34,16.349,65.269,158.49,1
40,712,472.34,16.349,65.269,167.55,1
40,713,472.34,16.349,65.269,164.83,1
40,714,472.34,16.349,65.269,172.98,1
40,715,472.34,16.349,65.269,179.32,1
40,716,458.74,17.708,74.075,181.58,1
40,717,458.48,19.066,69.543,194.98,1
40,718,456.02,20.425,67.212,196.98,1
40,719,450.58,18.16,84.306,201.06,1
40,720,445.15,23.142,81.586,212.38,1
40,721,435.17,19.972,89.745,220.98,1
40,722,433.36,21.783,87.025,233.66,1
40,723,426.11,27.217,95.184,236.38,1
40,724,426.11,24.5,94.278,240,1
40,725,416.14,29.934,95.184,252.68,1
40,726,403.45,31.292,100.62,258.57,1
40,727,389.2,29.934,106.71,263.55,1
40,728,382.27,35.368,103.67,285.28,1
40,729,375.34,35.368,95.184,288.91,1
40,730,348.15,35.982,109.71,288.91,1
40,731,317.33,40.802,126.01,304.3,1
40,732,277.44,40.715,139.11,305.29,1
40,733,243.9,40.802,131.44,319.7,1
40,1139,258.45,45.442,149.12,310.42,1
40,1140,314.02,41.736,119.48,314.13,1
40,1141,328.84,39.512,115.59,315.43,1
40,1142,348.29,37.288,101.88,297.08,1
40,1143,358.47,35.064,107.81,288.56,1
40,1144,373.29,32.84,103.92,285.03,1
40,1145,388.11,30.616,100.03,271.51,1
40,1146,395.52,29.689,96.695,262.42,1
40,1147,402.93,28.763,93.36,253.34,1
40,1148,410.34,27.836,90.026,235.37,1
40,1149,417.75,26.909,86.692,235.18,1
40,1150,425.16,25.983,83.357,226.1,1
40,1151,429.42,24.5,80.949,214.61,1
40,1152,433.68,23.017,78.541,214.98,1
40,1153,437.94,21.535,76.133,209.42,1
40,1154,442.2,16.716,73.725,198.3,1
40,1155,446.46,18.569,71.317,198.3,1
40,1156,447.94,18.569,69.835,191.44,1
40,1157,449.43,17.875,68.353,185.28,1
40,1158,450.91,17.18,66.871,179.12,1
40,1298,275.12,56.562,101.88,298.19,1
40,1299,283.45,56.562,150.04,299.31,1
40,1300,284.38,56.562,150.04,299.31,1
40,1301,300.12,56.562,149.12,293.75,1
40,1302,358.47,53.782,105.77,288.37,1
40,1303,374.03,50.075,111.33,292.26,1
40,1304,392.74,48.222,101.51,284.48,1
40,1305,418.68,45.442,90.582,265.02,1
40,1306,436.27,42.662,87.988,266.87,1
40,1307,446.28,37.844,86.877,257.98,1
40,1308,445.17,36.732,98.547,243.15,1
40,1309,449.61,33.766,95.954,240.19,1
40,1310,454.06,30.801,86.877,226.84,1
40,1311,458.5,27.836,82.431,222.39,1
40,1312,465.38,24.083,79.305,222.44,1
40,1313,468.69,22.276,77.8,206.64,1
40,1314,468.69,22.276,77.8,203.86,1
40,1315,468.69,22.276,77.8,197.37,1
40,1316,468.69,22.276,77.8,185.33,1
40,1317,475.73,22.276,73.54,179.77,1
40,1318,482.77,22.276,69.279,174.21,1
40,1319,489.81,22.276,65.019,168.65,1
40,1320,496.85,22.276,60.758,163.09,1
40,1321,503.89,22.276,56.498,157.53,1
40,1335,469.99,15.975,53.349,133.25,1
40,1336,469.8,16.346,55.386,135.66,1
40,1337,464.06,14.863,57.424,138.07,1
40,1338,463.69,15.79,59.091,141.78,1
40,1339,463.32,16.716,65.575,145.48,1
40,1340,462.95,17.643,70.576,149.19,1
40,1341,466.28,18.569,64.093,152.9,1
40,1342,462.21,19.496,65.76,156.6,1
40,1343,457.58,20.608,70.391,160.49,1
40,1344,458.13,21.72,69.835,164.39,1
40,1345,456.09,22.832,71.873,168.28,1
40,1346,454.06,23.944,73.91,172.17,1
40,1347,452.02,25.056,75.948,176.06,1
40,1348,451.46,26.909,78.541,178.84,1
40,1349,450.91,28.763,81.135,185.7,1
40,1350,450.35,30.616,83.728,190.52,1
40,1351,449.8,32.469,86.321,195.34,1
40,1352,449.24,34.322,88.915,200.15,1
40,1353,453.5,36.361,84.654,206.08,1
40,1354,450.17,30.616,90.767,219.8,1
40,1355,452.25,31.46,93.312,225.05,1
40,1356,461.28,35.393,96.324,233.37,1
40,1357,470.54,44.515,113.92,229.81,1
40,1358,474.99,46.183,113.55,242.97,1
40,1379,449.24,11.156,56.498,157.53,1
40,1380,449.24,11.156,56.498,157.53,1
40,1381,449.24,11.156,56.498,157.53,1
40,1382,449.24,11.156,56.498,157.53,1
40,1383,449.24,11.156,56.498,157.53,1
40,1384,449.24,11.156,56.498,157.53,1
40,1385,449.24,11.156,56.498,157.53,1
40,1386,449.24,11.156,56.498,157.53,1
40,1387,449.24,11.156,56.498,157.53,1
40,1388,449.24,11.156,56.498,157.53,1
40,1389,449.24,11.156,56.498,157.53,1
40,1390,449.24,11.156,56.498,157.53,1
40,1391,449.24,11.156,56.498,157.53,1
40,1392,449.24,11.156,56.498,157.53,1
40,1393,449.24,11.156,56.498,157.53,1
40,1394,449.24,11.156,56.498,157.53,1
40,1395,449.24,11.156,56.498,157.53,1
40,1396,449.24,11.156,56.498,157.53,1
40,1397,449.24,11.156,56.498,157.53,1
40,1398,449.24,11.156,56.498,157.53,1
40,1399,449.24,11.156,56.498,157.53,1
40,1400,449.24,11.156,56.498,157.53,1
40,1401,449.24,11.156,56.498,157.53,1
40,1402,449.24,11.156,56.498,157.53,1
40,1403,449.24,11.156,56.498,157.53,1
40,1404,449.24,11.156,56.498,157.53,1
40,1405,449.24,11.156,56.498,157.53,1
40,1406,449.24,11.156,56.498,157.53,1
40,1407,449.24,11.156,56.498,157.53,1
40,1408,449.24,11.156,56.498,157.53,1
40,1409,449.24,11.156,56.498,157.53,1
40,1410,449.24,11.156,56.498,157.53,1
40,1411,449.24,11.156,56.498,157.53,1
40,1412,449.24,11.156,56.498,157.53,1
40,1413,449.24,11.156,56.498,157.53,1
40,1414,449.24,11.156,56.498,157.53,1
40,1415,449.24,11.156,56.498,157.53,1
40,1416,449.24,11.156,56.498,157.53,1
40,1417,449.24,11.156,56.498,157.53,1
40,1418,449.24,11.156,56.498,157.53,1
40,1419,449.24,11.156,56.498,157.53,1
40,1420,449.24,11.156,56.498,157.53,1
40,1421,449.24,11.156,56.498,157.53,1
40,1422,449.24,11.156,56.498,157.53,1
40,1423,449.24,11.156,56.498,157.53,1
40,1424,449.24,11.156,56.498,157.53,1
40,1425,449.24,11.156,56.498,157.53,1
40,1426,449.24,11.156,56.498,157.53,1
40,1427,449.24,11.156,56.498,157.53,1
40,1428,449.24,11.156,56.498,157.53,1
40,1429,449.24,11.156,56.498,157.53,1
40,1430,449.24,11.156,56.498,157.53,1
40,1431,449.24,11.156,56.498,157.53,1
40,1432,449.24,11.156,56.498,157.53,1
40,1433,449.24,11.156,56.498,157.53,1
40,1433,280.92,47.593,115.84,325.38,1
40,1434,449.24,11.156,56.498,157.53,1
40,1434,287.82,47.411,143.89,328.29,1
40,1435,449.24,11.156,56.498,157.53,1
40,1435,364.98,47.23,101.67,331.19,1
40,1436,368.61,50.315,155.23,329.92,1
40,1437,398.57,53.4,173.39,335.18,1
40,1438,465.57,57.392,128.18,337.18,1
40,1439,479.73,65.014,117.65,339.18,1
40,1446,412.94,45.415,94.563,236.75,1
40,1447,411.42,44.871,87.194,238.21,1
40,1448,403.13,45.536,87.391,239.67,1
40,1449,399.38,41.785,87.588,251.89,1
40,1450,399.79,41.915,87.784,251.82,1
40,1451,400.19,42.045,87.981,251.74,1
40,1452,400.59,42.174,88.178,251.66,1
40,1453,400.99,42.304,88.374,251.58,1
40,1454,401.4,42.434,88.571,251.5,1
40,1455,401.8,42.563,88.768,251.42,1
40,1456,402.2,42.693,88.965,251.34,1
40,1457,402.2,42.693,88.965,251.57,1
40,1458,384.95,42.693,106.21,251.8,1
40,1459,376.78,42.693,114.38,252.02,1
40,1460,374.06,42.693,101.67,252.25,1
40,1461,371.34,42.693,93.504,252.48,1
40,1462,448.5,11.156,51.792,157.53,1
40,1462,362.98,42.693,93.265,252.7,1
40,1463,449.41,11.156,50.43,157.53,1
40,1463,359.71,40.878,93.026,252.93,1
40,1464,452.13,11.156,47.253,157.53,1
40,1464,359.16,42.693,92.787,253.16,1
40,1465,450.75,11.156,48.177,157.53,1
40,1465,359.53,41.785,92.548,253.38,1
40,1466,449.37,11.156,49.102,157.53,1
40,1466,362.37,41.846,92.309,253.61,1
40,1467,365.22,41.906,101.44,253.84,1
40,1468,376.23,42.874,102.22,254.06,1
40,1469,378.4,42.859,101.12,254.29,1
40,1470,389.49,42.844,98.95,254.52,1
40,1471,390.76,42.829,97.952,254.74,1
40,1472,397.66,42.814,91.325,254.97,1
40,1473,398.23,42.799,91.03,255.2,1
40,1474,398.8,42.784,90.735,255.43,1
40,1475,399.37,42.768,90.44,255.65,1
40,1476,399.93,42.753,90.145,255.88,1
40,1477,400.5,42.738,89.85,256.11,1
40,1478,401.07,42.723,89.555,256.33,1
40,1479,401.63,42.708,89.26,256.56,1
40,1480,402.2,42.693,88.965,256.79,1
40,1481,402.2,42.693,88.965,256.79,1
40,1482,402.2,42.693,88.965,256.79,1
40,1483,402.2,42.693,88.965,256.79,1
40,1484,402.2,42.693,88.965,256.79,1
40,1485,402.2,42.693,88.965,256.79,1
40,1486,402.2,42.693,88.965,256.79,1
40,1487,402.2,42.693,88.965,256.79,1
40,1488,402.2,42.693,88.965,256.79,1
40,1489,402.2,42.693,88.965,256.79,1
40,1490,402.2,42.693,88.965,256.79,1
40,1491,402.2,42.693,88.965,256.79,1
40,1492,402.2,42.693,88.965,256.79,1
40,1493,402.2,42.693,88.965,256.79,1
40,1494,402.2,42.693,88.965,256.79,1
40,1495,402.2,42.693,88.965,256.79,1
40,1496,406.74,42.693,84.426,256.79,1
40,1497,406.17,42.693,84.993,256.79,1
40,1498,405.61,42.693,85.56,256.79,1
40,1499,405.04,42.693,86.128,256.79,1
40,1500,404.47,42.693,86.695,256.79,1
40,1501,403.9,42.693,87.262,256.79,1
40,1502,403.34,42.693,87.83,256.79,1
40,1503,402.77,42.693,88.397,256.79,1
40,1504,402.2,42.693,88.965,256.79,1
40,1505,402.2,42.693,88.965,256.79,1
40,1506,402.2,42.693,88.965,256.79,1
40,1507,402.2,42.693,88.965,256.79,1
40,1508,402.2,42.693,88.965,256.79,1
40,1509,402.2,42.693,88.965,256.79,1
40,1510,402.2,42.693,88.965,256.79,1
40,1511,402.2,42.693,88.965,256.79,1
40,1512,402.2,42.693,95.319,256.79,1
40,1513,402.2,42.693,99.858,256.79,1
40,1514,402.2,42.693,95.319,256.79,1
40,1515,402.2,42.693,88.965,256.79,1
40,1516,402.2,42.693,88.965,256.79,1
40,1517,402.2,42.693,88.965,256.79,1
40,1518,402.2,42.693,88.965,256.79,1
40,1519,402.2,42.693,88.965,256.79,1
40,1520,402.2,42.693,88.965,256.79,1
40,1521,402.2,42.693,88.965,256.79,1
40,1522,402.2,42.693,88.965,256.79,1
40,1523,402.2,42.693,88.965,256.79,1
40,1524,402.2,42.693,88.965,256.79,1
40,1525,402.2,42.693,88.965,256.79,1
40,1526,402.2,42.693,88.965,256.79,1
40,1527,402.2,42.693,88.965,256.79,1
40,1528,402.2,42.693,88.965,256.79,1
40,1529,402.2,42.693,89.532,256.79,1
40,1530,402.2,42.693,90.099,256.79,1
40,1531,402.2,42.693,90.667,256.79,1
40,1532,402.2,42.693,91.234,256.79,1
40,1533,402.2,42.693,91.801,256.79,1
40,1534,402.2,42.693,109.84,256.79,1
40,1535,402.2,42.693,103.49,256.79,1
40,1536,402.2,42.693,104.4,256.79,1
40,1537,402.2,42.693,94.071,256.79,1
40,1538,402.2,42.693,94.638,256.79,1
40,1539,402.2,42.693,95.206,256.79,1
40,1540,402.2,42.693,95.773,256.79,1
40,1541,402.2,42.693,96.34,256.79,1
40,1542,402.2,42.693,96.908,256.79,1
40,1543,402.2,42.693,97.475,256.79,1
40,1544,402.2,42.693,98.043,256.79,1
40,1545,402.2,42.693,98.61,256.79,1
40,1546,402.2,42.693,99.177,256.79,1
40,1547,402.2,42.693,99.745,256.79,1
40,1548,402.2,42.693,100.31,256.79,1
40,1549,402.2,42.693,100.88,256.79,1
40,1550,402.2,42.693,101.45,256.79,1
40,1551,402.2,42.693,102.01,256.79,1
40,1552,402.2,42.693,102.58,256.79,1
40,1553,402.88,41.634,101.64,256.56,1
40,1554,398.12,42.39,100.69,256.33,1
40,1555,404.24,43.147,99.745,256.11,1
40,1556,401.81,42.952,98.799,255.88,1
40,1557,399.38,42.758,97.853,255.65,1
40,1558,496.76,54.073,98.496,266.88,1
40,1558,396.95,42.563,96.908,255.43,1
40,1559,494.19,54.111,98.496,264.42,1
40,1559,397.24,43.276,95.962,255.2,1
40,1560,478,52.334,108.48,266.29,1
40,1560,401.16,45.804,95.017,254.97,1
40,1561,475.43,53.279,98.496,268.16,1
40,1561,398.17,45.383,94.071,254.74,1
40,1562,471.04,54.224,98.496,270.03,1
40,1563,461.21,52.447,98.496,271.89,1
40,1564,460.45,52.485,96.983,273.76,1
40,1564,371.01,35.952,91.234,254.06,1
40,1565,456.07,49.801,98.496,275.63,1
40,1565,368.92,38.253,90.288,253.84,1
40,1566,459.85,50.746,98.496,277.5,1
40,1566,367.49,38.327,89.343,253.61,1
40,1567,460,48.061,98.496,279.36,1
40,1567,366.06,38.4,80.625,253.38,1
40,1568,461.97,50.821,98.496,281.23,1
40,1568,353.73,37.567,87.452,253.16,1
40,1569,468.47,54.489,98.496,283.1,1
40,1569,353.67,37.754,86.506,252.93,1
40,1570,477.1,59.063,98.496,283.1,1
40,1570,353.6,37.941,85.56,252.7,1
40,1571,438.35,11.156,56.498,157.53,1
40,1571,479.37,57.286,98.496,283.1,1
40,1571,353.53,38.128,84.615,252.48,1
40,1572,438.35,11.156,56.498,157.53,1
40,1572,481.63,60.046,98.496,283.1,1
40,1572,353.46,38.315,83.669,252.25,1
40,1573,438.35,11.156,56.498,157.53,1
40,1573,480.27,60.991,98.496,283.1,1
40,1573,353.39,38.502,82.723,252.02,1
40,1574,438.35,11.156,56.498,157.53,1
40,1574,479.14,60.712,98.496,283.1,1
40,1574,353.32,38.689,81.778,251.8,1
40,1575,438.35,11.156,56.498,157.53,1
40,1575,478,60.432,98.496,283.1,1
40,1575,353.25,38.876,80.832,251.57,1
40,1576,438.35,11.156,56.498,157.53,1
40,1576,476.87,60.152,98.496,283.1,1
40,1576,353.18,39.063,79.887,251.34,1
40,1577,475.73,59.872,98.496,283.1,1
40,1577,353.9,39.252,79.887,251.34,1
40,1578,474.6,59.593,98.496,283.1,1
40,1578,354.62,39.441,79.887,251.34,1
40,1579,473.46,59.313,98.496,283.1,1
40,1580,472.33,59.033,107.8,283.1,1
40,1580,385.59,46.875,102.55,268.75,1
40,1581,471.2,58.753,107.09,283.1,1
40,1581,374.47,48.787,100.75,286.85,1
40,1582,474.83,58.474,109.84,283.1,1
40,1582,365.09,56.436,103.19,302.97,1
40,1583,473.26,58.194,114.14,283.1,1
40,1583,354.41,56.436,114.63,304.06,1
40,1584,477.14,57.914,110.26,283.1,1
40,1584,348.11,59.305,120.74,315.92,1
40,1585,474.96,57.634,100.76,283.1,1
40,1585,344.67,61.217,126.85,333.51,1
40,1586,472.79,57.354,106.43,283.1,1
40,1586,356.51,65.042,132.97,330.07,1
40,1587,368.36,68.867,139.08,326.63,1
40,1588,380.2,72.691,145.19,323.19,1
40,1588,275.13,47.831,117.49,303.11,1
40,1589,362.52,41.521,79.887,251.34,1
40,1589,419.56,73.647,121.12,340.02,1
40,1590,363.24,41.71,79.887,251.34,1
40,1590,431.45,74.125,117.59,339.39,1
40,1591,363.96,41.899,79.887,251.34,1
40,1591,443.34,74.604,114.05,338.77,1
40,1592,364.68,42.088,79.887,251.34,1
40,1592,455.23,75.082,110.52,338.15,1
40,1593,365.4,42.277,79.887,251.34,1
40,1593,467.13,75.56,106.99,337.53,1
40,1594,366.12,42.466,79.887,251.34,1
40,1594,467.13,75.56,133.73,337.53,1
40,1595,366.84,42.655,79.887,251.34,1
40,1596,367.55,42.844,79.887,251.34,1
40,1597,368.27,43.033,79.887,251.34,1
40,1598,368.99,43.222,79.887,251.34,1
40,1599,369.71,43.411,79.887,251.34,1
40,1600,370.43,43.6,79.887,251.34,1
40,1601,447.59,55.396,111.96,277.96,1
40,1601,370.81,43.6,79.508,251.34,1
40,1602,447.59,55.396,112.4,277.32,1
40,1602,371.19,43.6,79.13,251.34,1
40,1603,448.26,55.396,112.17,276.67,1
40,1603,371.56,43.6,78.752,251.34,1
40,1604,448.92,55.396,111.94,279.47,1
40,1604,371.94,43.6,78.374,251.34,1
40,1605,449.59,55.396,107.85,280.38,1
40,1605,372.32,43.6,77.995,251.34,1
40,1606,450.26,55.396,111.47,279.32,1
40,1606,372.7,43.6,77.617,251.34,1
40,1607,473.92,55.396,98.95,278.26,1
40,1607,373.08,43.6,77.239,251.34,1
40,1608,472.28,55.396,99.949,277.2,1
40,1608,373.46,43.6,76.861,251.34,1
40,1609,461.21,55.396,110.39,276.14,1
40,1609,373.83,43.6,76.482,251.34,1
40,1610,444.87,51.767,113.38,275.09,1
40,1610,374.21,43.6,76.104,251.34,1
40,1611,442.15,52.285,112.75,274.03,1
40,1611,374.59,43.6,75.726,251.34,1
40,1612,448.5,52.804,112.11,272.97,1
40,1612,374.97,43.6,75.348,251.34,1
40,1613,450.32,53.322,111.48,271.91,1
40,1613,375.35,43.6,74.969,251.34,1
40,1614,452.13,53.841,110.84,270.85,1
40,1614,375.72,43.6,74.591,251.34,1
40,1615,453.95,54.359,110.21,269.79,1
40,1615,376.1,43.6,74.213,251.34,1
40,1616,455.76,54.878,109.57,268.73,1
40,1616,376.48,43.6,73.835,251.34,1
40,1617,457.58,55.396,108.94,267.67,1
40,1617,376.86,43.6,79.811,251.34,1
40,1618,457.58,55.396,108.94,267.67,1
40,1618,377.24,43.6,75.801,251.34,1
40,1619,457.58,55.396,108.94,267.67,1
40,1619,377.62,43.6,80.87,251.34,1
40,1620,457.58,55.396,108.94,267.67,1
40,1620,377.99,43.6,77.768,251.34,1
40,1621,457.58,55.396,108.94,267.67,1
40,1621,378.37,43.6,76.028,251.34,1
40,1622,457.58,55.396,108.94,267.67,1
40,1622,378.75,43.6,86.09,251.34,1
40,1623,457.58,55.396,108.94,267.67,1
40,1623,379.13,43.6,76.634,251.34,1
40,1624,457.58,55.396,108.94,267.67,1
40,1624,379.51,43.6,75.348,251.34,1
40,1625,457.58,55.396,108.94,267.67,1
40,1625,379.51,43.6,74.894,251.34,1
40,1626,457.58,55.396,108.94,267.67,1
40,1626,379.51,43.6,78.071,251.34,1
40,1627,457.58,55.396,108.94,267.67,1
40,1627,379.51,43.6,78.979,251.34,1
40,1628,457.58,55.396,108.94,267.67,1
40,1628,379.51,43.6,79.887,251.34,1
40,1629,457.58,55.396,108.94,267.67,1
40,1629,370.43,43.6,89.872,251.34,1
40,1630,457.58,55.396,108.94,267.67,1
40,1630,372.24,43.6,85.606,251.34,1
40,1631,457.58,55.396,108.94,267.67,1
40,1631,372.65,43.6,84.431,251.34,1
40,1632,457.58,55.396,108.94,267.67,1
40,1632,373.05,43.6,83.255,251.34,1
40,1633,457.58,55.396,108.94,267.67,1
40,1633,373.46,43.6,82.08,251.34,1
40,1634,457.58,55.396,108.94,267.67,1
40,1634,373.86,43.6,80.905,251.34,1
40,1635,457.58,55.396,108.94,267.67,1
40,1635,374.26,43.6,79.73,251.34,1
40,1636,457.58,55.396,108.94,267.67,1
40,1636,374.67,43.6,78.555,251.34,1
40,1637,457.58,55.396,108.94,267.67,1
40,1637,375.07,43.6,77.38,251.34,1
40,1638,457.58,55.396,108.94,267.67,1
40,1638,375.47,43.6,76.205,251.34,1
40,1639,457.58,55.396,108.94,267.67,1
40,1639,375.88,43.6,68.993,251.34,1
40,1640,457.58,55.396,108.94,267.67,1
40,1640,371.34,43.6,73.431,251.34,1
40,1641,457.58,55.396,108.94,267.67,1
40,1641,372.36,43.6,72.309,251.34,1
40,1642,457.58,55.396,108.94,267.67,1
40,1642,373.38,43.6,71.187,251.34,1
40,1643,457.58,55.396,108.94,267.67,1
40,1643,374.4,43.6,70.065,251.34,1
40,1644,457.58,55.396,108.94,267.67,1
40,1644,375.42,43.6,68.942,251.34,1
40,1645,457.58,55.396,108.94,267.67,1
40,1645,376.44,43.6,67.82,251.34,1
40,1646,457.58,55.396,108.94,267.67,1
40,1646,377.46,43.6,66.698,251.34,1
40,1647,457.58,55.396,108.94,267.67,1
40,1647,378.49,43.6,65.576,251.34,1
40,1648,457.58,55.396,108.94,267.67,1
40,1648,379.51,43.6,64.454,251.34,1
40,1649,457.58,55.396,108.94,267.67,1
40,1649,379.51,43.6,64.454,251.34,1
40,1650,457.58,55.396,108.94,267.67,1
40,1650,379.51,43.6,64.454,251.34,1
40,1651,457.58,55.396,108.94,267.67,1
40,1651,379.51,43.6,64.454,251.34,1
40,1652,457.58,55.396,108.94,267.67,1
40,1652,379.51,43.6,64.454,251.34,1
40,1653,457.58,55.396,108.94,267.67,1
40,1653,379.51,43.6,64.454,251.34,1
40,1654,457.58,55.396,108.94,267.67,1
40,1654,379.51,43.6,64.454,251.34,1
40,1655,457.58,55.396,108.94,267.67,1
40,1655,379.51,43.6,64.454,251.34,1
40,1656,457.58,55.396,108.94,267.67,1
40,1656,379.51,43.6,64.454,251.34,1
40,1657,457.58,55.396,108.94,267.67,1
40,1657,379.51,43.6,64.454,251.34,1
40,1658,457.58,55.396,108.94,267.67,1
40,1658,379.51,43.6,64.454,251.34,1
40,1659,457.58,55.396,108.94,267.67,1
40,1659,379.51,43.6,64.454,251.34,1
40,1660,457.58,55.396,108.94,267.67,1
40,1660,379.51,43.6,64.454,251.34,1
40,1661,457.58,55.396,108.94,267.67,1
40,1661,379.51,43.6,64.454,251.34,1
40,1662,457.58,55.396,108.94,267.67,1
40,1662,379.51,43.6,64.454,251.34,1
40,1663,457.58,55.396,108.94,267.67,1
40,1663,379.51,43.6,64.454,251.34,1
40,1664,457.58,55.396,108.94,267.67,1
40,1664,379.51,43.6,64.454,251.34,1
40,1665,457.58,55.396,108.94,267.67,1
40,1665,379.51,43.6,64.454,251.34,1
40,1666,457.58,55.396,108.94,267.67,1
40,1666,379.51,43.6,64.454,251.34,1
40,1667,457.58,55.396,108.94,267.67,1
40,1667,379.51,43.6,64.454,251.34,1
40,1668,457.58,55.396,108.94,267.67,1
40,1668,379.51,43.6,64.454,251.34,1
40,1669,457.58,55.396,108.94,267.67,1
40,1669,379.51,43.6,64.454,251.34,1
40,1670,457.58,55.396,108.94,267.67,1
40,1670,379.51,43.6,64.454,251.34,1
40,1671,457.58,55.396,108.94,267.67,1
40,1671,379.51,43.6,64.454,251.34,1
40,1672,457.58,55.396,108.94,267.67,1
40,1672,379.51,43.6,64.454,251.34,1
40,1673,457.58,55.396,108.94,267.67,1
40,1673,379.51,43.6,64.454,251.34,1
40,1674,457.58,55.396,108.94,267.67,1
40,1674,379.51,43.6,64.454,251.34,1
40,1675,457.58,55.396,108.94,267.67,1
40,1675,379.51,43.6,64.454,251.34,1
40,1676,457.58,55.396,108.94,267.67,1
40,1676,379.51,43.6,64.454,251.34,1
40,1677,457.58,55.396,108.94,267.67,1
40,1677,379.51,43.6,64.454,251.34,1
40,1678,457.58,55.396,108.94,267.67,1
40,1678,379.51,43.6,64.454,251.34,1
40,1679,457.58,55.396,108.94,267.67,1
40,1679,379.51,43.6,64.454,251.34,1
40,1680,457.58,55.396,108.94,267.67,1
40,1680,379.51,43.6,64.454,251.34,1
40,1681,457.58,55.396,108.94,267.67,1
40,1681,379.51,43.6,64.454,251.34,1
40,1682,457.58,55.396,108.94,267.67,1
40,1682,379.51,43.6,64.454,251.34,1
40,1683,457.58,55.396,108.94,267.67,1
40,1683,379.51,43.6,64.454,251.34,1
40,1684,457.58,55.396,108.94,267.67,1
40,1684,379.51,43.6,64.454,251.34,1
40,1685,457.58,55.396,108.94,267.67,1
40,1685,379.51,43.6,64.454,251.34,1
40,1686,457.58,55.396,108.94,267.67,1
40,1686,379.51,43.6,64.454,251.34,1
40,1687,457.58,55.396,108.94,267.67,1
40,1687,379.51,43.6,64.454,251.34,1
40,1688,457.58,55.396,108.94,267.67,1
40,1688,379.51,43.6,64.454,251.34,1
40,1689,457.58,55.396,108.94,267.67,1
40,1689,379.51,43.6,64.454,251.34,1
40,1690,457.58,55.396,108.94,267.67,1
40,1690,379.51,43.6,64.454,251.34,1
40,1691,457.58,55.396,108.94,267.67,1
40,1691,379.51,43.6,64.454,251.34,1
40,1692,457.58,55.396,108.94,267.67,1
40,1692,379.51,43.6,64.454,251.34,1
40,1693,457.58,55.396,108.94,267.67,1
40,1693,379.51,43.6,64.454,251.34,1
40,1694,457.58,55.396,108.94,267.67,1
40,1694,379.51,43.6,64.454,251.34,1
40,1695,457.58,55.396,108.94,267.67,1
40,1695,379.51,43.6,64.454,251.34,1
40,1696,457.58,55.396,108.94,267.67,1
40,1696,379.51,43.6,64.454,251.34,1
40,1697,457.58,55.396,108.94,267.67,1
40,1697,379.51,43.6,64.454,251.34,1
40,1698,457.58,55.396,108.94,267.67,1
40,1698,379.51,43.6,64.454,251.34,1
40,1699,457.58,55.396,108.94,267.67,1
40,1699,379.51,43.6,64.454,251.34,1
40,1700,457.58,55.396,108.94,267.67,1
40,1700,379.51,43.6,64.454,251.34,1
40,1701,457.58,55.396,108.94,267.67,1
40,1701,379.51,43.6,64.454,251.34,1
40,1702,457.58,55.396,108.94,267.67,1
40,1702,379.51,43.6,64.454,251.34,1
40,1703,457.58,55.396,108.94,267.67,1
40,1703,379.51,43.6,64.454,251.34,1
40,1704,457.58,55.396,108.94,267.67,1
40,1704,379.51,43.6,64.454,251.34,1
40,1705,457.58,55.396,108.94,267.67,1
40,1705,379.51,43.6,64.454,251.34,1
40,1706,457.58,55.396,108.94,267.67,1
40,1706,379.51,43.6,64.454,251.34,1
40,1707,457.58,55.396,108.94,267.67,1
40,1707,379.51,43.6,64.454,251.34,1
40,1708,457.58,55.396,108.94,267.67,1
40,1708,379.51,43.6,64.454,251.34,1
40,1709,457.58,55.396,108.94,267.67,1
40,1709,379.51,43.6,64.454,251.34,1
40,1710,457.58,55.396,108.94,267.67,1
40,1710,379.51,43.6,64.454,251.34,1
40,1711,457.58,55.396,108.94,267.67,1
40,1711,379.51,43.6,64.454,251.34,1
40,1712,457.58,55.396,108.94,267.67,1
40,1712,379.51,43.6,64.454,251.34,1
40,1713,457.58,55.396,108.94,267.67,1
40,1713,379.51,43.6,64.454,251.34,1
40,1714,457.58,55.396,108.94,267.67,1
40,1714,379.51,43.6,64.454,251.34,1
40,1715,457.58,55.396,108.94,267.67,1
40,1715,379.51,43.6,64.454,251.34,1
40,1716,457.58,55.396,108.94,267.67,1
40,1716,379.51,43.6,64.454,251.34,1
40,1717,457.58,55.396,108.94,267.67,1
40,1717,379.51,43.6,64.454,251.34,1
40,1718,457.58,55.396,108.94,267.67,1
40,1718,379.51,43.6,64.454,251.34,1
40,1719,457.58,55.396,108.94,267.67,1
40,1719,379.51,43.6,64.454,251.34,1
40,1720,457.58,55.396,108.94,267.67,1
40,1720,379.51,43.6,64.454,251.34,1
40,1721,457.58,55.396,108.94,267.67,1
40,1721,379.51,43.6,64.454,251.34,1
40,1722,457.58,55.396,108.94,267.67,1
40,1722,379.51,43.6,64.454,251.34,1
40,1723,457.58,55.396,108.94,267.67,1
40,1723,379.51,43.6,64.454,251.34,1
40,1724,457.58,55.396,108.94,267.67,1
40,1724,379.51,43.6,64.454,251.34,1
40,1725,457.58,55.396,108.94,267.67,1
40,1725,379.51,43.6,64.454,251.34,1
40,1726,457.58,55.396,108.94,267.67,1
40,1726,379.51,43.6,64.454,251.34,1
40,1727,457.58,55.396,108.94,267.67,1
40,1727,379.51,43.6,64.454,251.34,1
40,1728,457.58,55.396,108.94,267.67,1
40,1728,379.51,43.6,64.454,251.34,1
40,1729,457.58,55.396,108.94,267.67,1
40,1729,379.51,43.6,64.454,251.34,1
40,1730,457.58,55.396,108.94,267.67,1
40,1730,379.51,43.6,64.454,251.34,1
40,1731,457.58,55.396,108.94,267.67,1
40,1731,379.51,43.6,64.454,251.34,1
40,1732,457.58,55.396,108.94,267.67,1
40,1732,379.51,43.6,64.454,251.34,1
40,1733,457.58,55.396,108.94,267.67,1
40,1733,379.51,43.6,64.454,251.34,1
40,1734,457.58,55.396,108.94,267.67,1
40,1734,379.51,43.6,64.454,251.34,1
40,1735,457.58,55.396,108.94,267.67,1
40,1735,379.51,43.6,64.454,251.34,1
40,1736,457.58,55.396,108.94,267.67,1
40,1736,379.51,43.6,64.454,251.34,1
40,1737,457.58,55.396,108.94,267.67,1
40,1737,379.51,43.6,64.454,251.34,1
40,1738,457.58,55.396,108.94,267.67,1
40,1738,379.51,43.6,64.454,251.34,1
40,1739,457.58,55.396,108.94,267.67,1
40,1739,379.51,43.6,64.454,251.34,1
40,1740,457.58,55.396,108.94,267.67,1
40,1740,379.51,43.6,64.454,251.34,1
40,1741,457.58,55.396,108.94,267.67,1
40,1741,379.51,43.6,64.454,251.34,1
40,1742,457.58,55.396,108.94,267.67,1
40,1742,379.51,43.6,64.454,251.34,1
40,1743,457.58,55.396,108.94,267.67,1
40,1743,379.51,43.6,64.454,251.34,1
40,1744,457.58,55.396,108.94,267.67,1
40,1744,379.51,43.6,64.454,251.34,1
40,1745,457.58,55.396,108.94,267.67,1
40,1745,379.51,43.6,64.454,251.34,1
40,1746,457.58,55.396,108.94,267.67,1
40,1746,379.51,43.6,64.454,251.34,1
40,1747,457.58,55.396,108.94,267.67,1
40,1747,379.51,43.6,64.454,251.34,1
40,1748,457.58,55.396,108.94,267.67,1
40,1748,379.51,43.6,64.454,251.34,1
40,1749,457.58,55.396,108.94,267.67,1
40,1749,379.51,43.6,64.454,251.34,1
40,1750,457.58,55.396,108.94,267.67,1
40,1750,379.51,43.6,64.454,251.34,1
40,1751,457.58,55.396,108.94,267.67,1
40,1751,379.51,43.6,64.454,251.34,1
40,1752,457.58,55.396,108.94,267.67,1
40,1752,379.51,43.6,64.454,251.34,1
40,1753,457.58,55.396,108.94,267.67,1
40,1753,379.51,43.6,64.454,251.34,1
40,1754,457.58,55.396,108.94,267.67,1
40,1754,379.51,43.6,64.454,251.34,1
40,1755,457.58,55.396,108.94,267.67,1
40,1755,379.51,43.6,64.454,251.34,1
40,1756,457.58,55.396,108.94,267.67,1
40,1756,379.51,43.6,64.454,251.34,1
40,1757,457.58,55.396,108.94,267.67,1
40,1757,379.51,43.6,64.454,251.34,1
40,1758,457.58,55.396,108.94,267.67,1
40,1758,379.51,43.6,64.454,251.34,1
40,1759,457.58,55.396,108.94,267.67,1
40,1759,379.51,43.6,64.454,251.34,1
40,1760,457.58,55.396,108.94,267.67,1
40,1760,379.51,43.6,64.454,251.34,1
40,1761,457.58,55.396,108.94,267.67,1
40,1761,379.51,43.6,64.454,251.34,1
40,1762,457.16,55.283,108.94,267.67,1
40,1762,379.51,43.6,64.454,251.34,1
40,1763,456.75,55.169,108.94,267.67,1
40,1763,379.51,43.6,64.454,251.34,1
40,1764,456.33,55.056,108.94,267.67,1
40,1764,379.51,43.6,64.454,251.34,1
40,1765,455.91,54.942,108.94,267.67,1
40,1765,379.51,43.6,64.454,251.34,1
40,1766,455.5,54.829,108.94,267.67,1
40,1766,379.51,43.6,64.454,251.34,1
40,1767,455.08,54.716,108.94,267.67,1
40,1767,379.51,43.6,64.454,251.34,1
40,1768,454.67,54.602,108.94,267.67,1
40,1768,379.51,43.6,64.454,251.34,1
40,1769,454.25,54.489,108.94,267.67,1
40,1769,379.51,43.6,64.454,251.34,1
40,1770,453.83,54.375,108.94,267.67,1
40,1770,379.51,43.6,64.454,251.34,1
40,1771,453.42,54.262,108.94,267.67,1
40,1771,379.51,43.6,64.454,251.34,1
40,1772,453,54.148,108.94,267.67,1
40,1772,379.51,43.6,64.454,251.34,1
40,1773,452.59,54.035,108.94,267.67,1
40,1773,379.51,43.6,64.454,251.34,1
40,1774,452.17,53.922,108.94,267.67,1
40,1774,379.51,43.6,64.454,251.34,1
40,1775,451.75,53.808,108.94,267.67,1
40,1775,379.51,43.6,64.454,251.34,1
40,1776,451.34,53.695,108.94,267.67,1
40,1776,379.51,43.6,64.454,251.34,1
40,1777,450.92,53.581,108.94,267.67,1
40,1777,379.51,43.6,64.454,251.34,1
40,1778,450.5,53.468,108.94,267.67,1
40,1778,379.51,43.6,64.454,251.34,1
40,1779,450.09,53.354,108.94,267.67,1
40,1779,379.51,43.6,64.454,251.34,1
40,1780,455.12,53.241,108.94,267.67,1
40,1780,379.51,43.6,64.454,251.34,1
40,1781,454.85,53.128,118.92,267.67,1
40,1781,379.51,43.6,64.454,251.34,1
40,1782,455.76,53.014,114.38,267.67,1
40,1782,379.51,43.6,64.454,251.34,1
40,1783,448.42,52.901,108.94,267.67,1
40,1783,379.51,43.6,64.454,251.34,1
40,1784,448.01,52.787,108.94,267.67,1
40,1784,379.51,43.6,64.454,251.34,1
40,1785,447.59,52.674,108.94,267.67,1
40,1785,379.51,43.6,64.454,251.34,1
40,1786,441.12,52.674,108.71,267.49,1
40,1786,379.51,43.6,64.454,251.34,1
40,1787,434.66,56.303,108.48,267.3,1
40,1787,379.51,43.6,64.454,251.34,1
40,1788,436.36,51.767,108.26,275.27,1
40,1788,379.51,43.6,64.454,251.34,1
40,1789,437.15,51.767,108.03,277.81,1
40,1789,379.51,43.6,64.454,251.34,1
40,1790,427.05,51.767,107.8,279.43,1
40,1791,398.75,54.536,129.64,278.58,1
40,1792,397.68,50.955,107.35,277.72,1
40,1793,392.5,54.685,107.12,276.86,1
40,1794,383.69,51.157,106.89,276,1
40,1795,384.86,53.073,106.67,275.14,1
40,1796,388.76,49.544,106.44,274.29,1
40,1797,389.93,54.182,106.21,273.43,1
40,1797,485.28,34.444,87.403,258.49,1
40,1798,396.55,54.284,105.99,272.57,1
40,1798,473.81,31.576,83.104,240,1
40,1799,407.71,54.385,105.76,271.71,1
40,1800,435.79,54.486,96.784,270.86,1
40,1800,363.33,41.785,72.624,251.34,1
40,1801,447.28,56.402,88.369,270,1
40,1801,361.16,42.636,72.738,251.34,1
40,1802,449.36,58.318,101.72,269.14,1
40,1802,356.27,43.487,72.851,251.34,1
40,1803,470.51,52.067,104.85,268.28,1
40,1803,360.52,43.3,72.965,246.2,1
40,1804,364.78,43.114,73.078,246.59,1
40,1805,369.03,42.928,73.191,246.99,1
40,1806,373.29,42.741,73.305,247.38,1
40,1806,462.35,16.277,70.05,178.8,1
40,1807,377.54,42.555,73.418,247.78,1
40,1807,464.26,16.277,70.846,174.98,1
40,1808,400.39,42.369,59.476,248.18,1
40,1808,468.08,16.277,69.731,174.98,1
40,1809,396.94,44.905,73.645,248.57,1
40,1809,471.9,16.277,71.642,163.51,1
40,1810,399.64,44.329,73.759,248.97,1
40,1810,475.72,16.277,69.731,157.77,1
40,1811,410.5,43.754,73.872,249.36,1
40,1811,479.54,16.277,64,157.77,1
40,1812,411.57,43.179,73.986,249.76,1
40,1813,412.63,42.604,74.099,250.15,1
40,1814,413.69,42.028,74.213,250.55,1
40,1815,414.76,41.453,74.326,250.95,1
40,1816,415.82,40.878,74.44,251.34,1
40,1817,416.84,40.916,74.44,250.81,1
40,1818,417.86,40.954,74.44,250.28,1
40,1819,414.34,40.084,74.44,249.75,1
40,1820,390.4,40.165,90.78,249.22,1
40,1821,452.13,7.3053,40.851,135.2,1
40,1821,392.9,40.246,89.963,248.7,1
40,1822,452.13,7.3053,40.851,135.2,1
40,1822,390.85,41.235,89.146,248.17,1
40,1823,452.13,7.3053,40.851,135.2,1
40,1823,393.6,41.265,63.975,247.64,1
40,1824,452.13,7.3053,40.851,135.2,1
40,1824,388.59,41.296,72.357,247.11,1
40,1825,452.13,7.3053,40.851,135.2,1
40,1825,391.82,41.326,61.22,246.58,1
40,1826,452.13,7.3053,40.851,135.2,1
40,1826,395.05,41.357,62.101,246.05,1
40,1827,452.13,7.3053,40.851,135.2,1
40,1827,398.29,41.388,62.983,245.52,1
40,1828,452.13,7.3053,40.851,135.2,1
40,1828,401.52,41.418,63.864,244.99,1
40,1829,452.13,7.3053,40.851,135.2,1
40,1829,404.76,41.449,86.411,244.46,1
40,1830,452.13,7.3053,40.851,135.2,1
40,1830,407.99,41.479,76.823,243.93,1
40,1831,411.22,41.51,77.22,243.4,1
40,1832,409.92,40.878,73.078,239.91,1
40,1833,407.65,40.991,79.319,239.75,1
40,1834,413.1,41.105,77.844,239.59,1
40,1835,421.32,41.218,73.589,239.43,1
40,1836,433.98,41.332,64.908,239.27,1
40,1837,435.79,41.445,67.064,239.11,1
40,1838,432.73,41.559,74.099,238.96,1
40,1839,436.53,41.672,74.27,238.8,1
40,1840,440.33,41.785,74.44,238.64,1
40,1841,441.71,41.874,74.449,240.46,1
40,1842,444.17,42.137,66.967,242.13,1
40,1843,447.01,42.276,61.405,243.62,1
40,1844,442.73,40.869,67.338,244.95,1
40,1845,439.03,37.547,67.5,246.11,1
40,1846,442.34,38.412,68.011,247.11,1
40,1847,443.96,40.489,84.426,241.75,1
40,1848,446.68,42.862,98.043,240.28,1
40,1849,450.32,45.531,100.07,245.08,1
40,1850,463.93,48.531,97.916,242.78,1
40,1850,420.6,15.294,76.011,223.39,1
40,1851,497.52,51.767,77.163,249.53,1
40,1851,421.92,19.579,76.912,232.43,1
40,1852,424.71,23.639,77.941,241,1
40,1853,428.64,27.206,79.088,248.49,1
40,1854,433.35,30.016,80.345,243.15,1
40,1855,438.51,31.804,81.702,257.69,1
40,1856,454.46,32.733,84.335,259.24,1
40,1857,470.66,33.676,87.007,260.81,1
40,1858,462.12,34.59,113.84,262.34,1
40,1859,464.27,16.492,61.352,165.33,1
40,1859,480.46,35.288,109.46,263.5,1
40,1860,452.81,16.606,62.79,169.15,1
40,1860,499.18,36,104.98,281.63,1
40,1861,453.69,17.668,64.227,172.97,1
40,1862,450.93,16.008,65.664,176.79,1
40,1863,446.36,17.977,67.102,180.6,1
40,1864,440.46,17.32,68.539,184.42,1
40,1865,442.21,18.578,69.976,188.24,1
40,1866,435.8,18.929,71.414,192.06,1
40,1867,432.62,22.059,72.851,195.88,1
40,1868,428.54,22.467,74.288,199.7,1
40,1869,426.27,21.967,75.726,203.52,1
40,1870,429.79,23.638,77.163,213.4,1
40,1871,424.24,28.629,78.6,216.71,1
40,1872,419.45,29.66,89.181,220.03,1
40,1873,418.54,30.691,95.877,223.34,1
40,1874,424.53,27.267,90.227,237.46,1
40,1875,430.48,28.855,90.75,245.22,1
40,1876,441.24,30.443,98.95,246.35,1
40,1877,453.95,32.031,90.629,254.74,1
40,1878,457.58,33.619,91.385,259.51,1
40,1879,461.21,35.207,92.142,257.92,1
40,1880,464.84,36.795,92.898,256.33,1
40,1885,487.42,40.651,82.047,264.27,1
40,1886,487.81,40.878,82.636,264.05,1
40,1887,488.21,41.105,71.953,263.82,1
40,1888,440.38,11.496,73.552,228.53,1
40,1889,422.71,76.516,135.16,325.1,1
40,1890,372.56,79.384,163.82,343.27,1
40,1891,489.79,36.908,63.736,268.02,1
40,1891,368.74,79.384,128.96,347.09,1
40,1892,490.18,37.475,65.781,267.45,1
40,1892,302.83,86.556,165.25,391.55,1
40,1893,490.57,38.043,67.826,266.88,1
40,1893,432.74,11.496,69.254,226.61,1
40,1894,490.97,38.61,69.871,266.31,1
40,1894,430.83,11.496,73.552,219.92,1
40,1895,491.36,39.177,98.753,265.75,1
40,1895,438.31,11.018,73.552,212.75,1
40,1896,491.76,39.744,96.543,265.18,1
40,1896,445.79,10.54,73.552,205.58,1
40,1897,492.15,40.311,76.176,264.61,1
40,1901,493.73,42.579,81.86,262.34,1
40,1902,494.13,43.147,84.37,261.78,1
40,1903,494.52,43.714,86.881,261.21,1
40,1904,494.92,44.281,89.391,260.64,1
40,1905,495.31,44.848,91.901,260.08,1
40,1906,495.71,45.415,94.411,259.51,1
40,1914,468.08,46.875,118.45,330.84,1
40,1915,441.02,44.962,119.72,330.84,1
40,1916,435.6,41.137,112.72,326.06,1
40,1917,421.28,37.313,114.63,303.11,1
40,1918,411.72,34.125,117.17,301.51,1
40,1919,413.63,30.938,108.26,295.14,1
40,1920,409.81,27.751,105.07,275.38,1
40,1921,409.72,26.317,102.97,276.81,1
40,1921,501.51,27.751,72.597,227.57,1
40,1922,397.2,27.751,100.87,261.61,1
40,1922,498.84,29.281,79.666,233.5,1
40,1923,390.06,18.309,98.77,254.73,1
40,1924,386.74,23.209,96.669,247.84,1
40,1925,390.43,21.576,94.567,240.96,1
40,1926,394.12,19.942,92.466,234.07,1
40,1927,397.8,18.309,90.364,227.19,1
40,1928,401.49,16.675,88.263,220.3,1
40,1929,405.17,15.042,86.161,213.42,1
40,1930,408.86,13.408,84.06,206.53,1
40,1931,415.54,13.122,82.436,193.43,1
40,1931,474.42,30.272,85.623,207.84,1
40,1932,470.17,23.926,72.423,210.36,1
40,1933,465.91,26.522,63.305,215.96,1
40,1934,461.66,29.117,68.993,221.56,1
40,1935,440.38,31.712,91.701,215.96,1
40,1936,440.38,34.308,93.134,229.62,1
40,1937,430.83,36.903,104.12,236.27,1
40,1938,435.6,39.498,100.78,242.91,1
40,1939,440.38,42.094,97.433,249.56,1
40,1940,455.09,46.683,103.26,249.56,1
40,1941,469.8,51.273,109.09,262.37,1
40,1957,269.4,76.516,166.21,403.98,1
40,1958,308.56,63.129,145.41,380.56,1
40,1959,329.57,60.62,142.75,376.37,1
40,1960,353.18,58.11,137.51,337.77,1
40,1961,376.79,55.6,132.26,336.45,1
40,1962,408.69,51.796,123.97,319.91,1
40,1963,419.29,44.006,116.77,296.81,1
40,1964,424.54,45.468,121.87,287.54,1
40,1965,458.36,40.031,111.23,279.21,1
40,1966,494.83,43.05,106.03,272.03,1
40,2157,256.86,88.969,141.09,391.53,1
40,2158,263.48,77.073,138.2,380.14,1
40,2159,263.38,78.144,135.31,369.34,1
40,2160,274.95,78.63,132.42,359.3,1
40,2161,281.21,63.165,129.52,350.19,1
40,2162,278.79,59.937,126.63,342.17,1
40,2163,266.12,60.84,123.74,335.41,1
40,2164,458.49,60.477,129.09,251.52,1
40,2165,446.68,61.022,134.72,255.33,1
40,2166,442.49,61.566,147.63,259.15,1
40,2167,446.68,62.111,135.13,262.96,1
40,2168,454.85,62.655,118.66,274.03,1
40,2169,457.4,62.292,118.71,276.39,1
40,2170,452.68,64.651,118.77,278.74,1
40,2171,442.51,64.288,118.82,281.1,1
40,2172,429.62,64.833,118.87,283.46,1
40,2173,413.1,65.377,118.92,285.82,1
40,2174,393.22,68.099,122.05,296.81,1
40,2175,368.82,71.729,125.18,298.73,1
40,2176,353.48,65.377,128.3,305.18,1
40,2177,320,64.47,131.43,309.82,1
40,2178,277.43,63.865,150.19,309.11,1
40,2179,271.18,67.192,137.68,300.95,1
40,2180,240.61,66.284,103.39,295.6,1
40,2241,313.99,78.988,141.77,386.54,1
40,2242,322.27,65.982,143.08,374.14,1
40,2243,339.61,67.494,136.52,369,1
40,2244,359.69,59.026,129.97,343.44,1
40,2245,366.14,56.908,123.41,327.86,1
40,2246,370.78,58.421,116.85,320.45,1
40,2247,374.51,49.044,110.3,313.04,1
40,2248,373.15,49.246,105,298.32,1
40,2249,366.44,44.911,117.76,309.82,1
40,2250,376.78,38.761,106.21,308.2,1
40,2251,381.32,36.24,92.293,306.59,1
40,2252,366.8,39.971,97.437,300.54,1
40,2253,362.26,40.878,93.504,300.95,1
40,2254,355.9,45.711,96.431,299.82,1
40,2255,325.04,49.394,104.4,298.91,1
40,2256,281.01,50.859,143.89,298.53,1
40,2257,266.87,50.808,143.89,298.53,1
40,2258,250.6,43.6,101.27,312.64,1
40,2303,476.04,41.483,108.03,283.4,1
40,2304,457.98,41.685,107.27,290.46,1
40,2305,439.93,41.886,106.52,297.52,1
40,2306,406.44,37.551,122.86,304.57,1
40,2307,385.66,37.753,120.03,311.63,1
40,2308,385.76,42.491,104.25,303.26,1
40,2309,367.71,42.693,103.49,325.75,1
40,2310,345.92,43.399,108.43,328.67,1
40,2311,327.76,44.104,109.74,328.87,1
40,2312,315.96,44.81,104.7,329.07,1
40,2313,287.82,45.516,116,327.46,1
40,2314,267.85,46.221,126.18,326.75,1
40,2315,262.4,47.835,127.09,326.05,1
40,2316,246.97,48.54,109.94,325.34,1
40,2354,233.35,56.303,114.38,314.86,1
40,2355,252.41,55.396,119.38,314.86,1
40,2356,278.74,54.489,124.37,314.86,1
40,2357,290.54,53.581,145.25,314.86,1
40,2358,309.61,52.674,134.35,314.86,1
40,2359,362.26,50.859,103.49,308.28,1
40,2360,383.14,49.044,118.01,301.7,1
40,2361,390.4,47.23,118.92,295.12,1
40,2362,424.9,45.415,106.21,288.54,1
40,2363,452.13,50.179,96.227,281.74,1
40,2364,458.18,46.474,96.53,283.86,1
40,2365,464.24,42.768,96.832,273.04,1
40,2366,470.29,39.063,97.135,261.32,1
40,2367,476.64,39.063,97.135,261.32,1
40,2368,484.81,39.971,97.135,254.97,1
40,2369,487.99,36.795,94.865,240.91,1
40,2370,491.17,33.619,92.596,243.18,1
40,2371,491.17,33.619,84.426,236.14,1
40,2372,491.17,33.619,78.979,223.21,1
40,2373,491.17,33.619,83.518,222.08,1
40,2374,491.17,33.619,87.149,215.05,1
40,2375,493.44,31.578,87.149,211.19,1
40,2376,495.71,29.536,87.149,200.98,1
40,2377,497.98,27.494,87.149,203.48,1
40,2378,500.24,25.453,87.149,199.62,1
40,2379,500.93,24.319,86.468,187.15,1
40,2380,501.61,23.184,85.787,184.65,1
40,2381,502.29,22.05,85.106,186.01,1
40,2382,502.97,20.916,84.426,181.47,1
40,2382,254.23,49.044,120.74,308.51,1
40,2383,502.97,20.916,75.348,173.31,1
40,2383,308.7,49.044,93.504,313.5,1
40,2384,504.56,19.555,72.397,171.27,1
40,2384,320.9,51.767,135.77,300.64,1
40,2385,506.15,18.194,69.447,169.22,1
40,2385,333.11,48.704,130.03,293.57,1
40,2386,507.73,16.833,66.496,167.18,1
40,2386,364.98,45.642,104.62,291.95,1
40,2387,509.32,15.472,63.546,165.14,1
40,2387,373.91,42.579,120.89,296.82,1
40,2388,509.32,15.472,63.546,162.42,1
40,2388,382.84,39.517,120.13,288.09,1
40,2389,518.4,15.472,54.468,159.7,1
40,2389,398.57,36.455,102.58,268.47,1
40,2390,523.85,15.472,49.021,156.98,1
40,2390,405.23,33.392,98.345,266.09,1
40,2391,509.32,15.472,63.546,154.25,1
40,2391,411.89,30.33,94.109,258.26,1
40,2392,509.32,15.472,60.369,152.21,1
40,2392,418.54,27.267,89.872,244.08,1
40,2393,509.32,15.472,57.191,150.17,1
40,2393,422.08,26.36,86.332,237.46,1
40,2394,509.32,15.472,54.014,148.13,1
40,2394,418.36,29.082,82.791,230.84,1
40,2395,509.32,15.472,50.837,146.09,1
40,2395,418.27,19.101,79.251,224.21,1
40,2396,508.41,14.564,50.837,144.5,1
40,2396,420,20.916,75.711,217.59,1
40,2397,507.51,13.657,50.837,142.91,1
40,2397,428.07,21.823,72.17,210.96,1
40,2398,506.6,12.75,50.837,141.32,1
40,2398,435.25,16.379,68.63,204.34,1
40,2399,505.69,11.842,50.837,139.74,1
40,2399,439.92,16.833,68.494,197.72,1
40,2400,505.69,11.842,50.837,139.74,1
40,2400,444.6,17.286,63.818,191.09,1
40,2401,505.69,11.842,50.837,139.74,1
40,2401,449.27,17.74,59.143,181.93,1
40,2402,453.95,18.194,54.468,177.84,1
40,2403,459.21,17.196,55.104,174.4,1
40,2404,464.48,16.198,62.094,165.32,1
40,2405,469.74,15.199,63.183,167.5,1
40,2406,475.01,14.201,57.01,164.05,1
40,2407,480.27,13.203,57.645,160.6,1
40,2408,484.16,11.378,58.586,156.46,1
40,2409,488.85,9.9766,59.45,152.61,1
40,2410,494.23,8.9894,60.162,149.1,1
40,2411,500.18,8.405,60.645,146,1
40,2412,506.6,8.2127,60.823,143.36,1
40,2413,513.75,8.4377,60.823,141.06,1
40,2414,521.88,9.1055,60.823,138.94,1
40,2415,530.89,10.205,60.823,137.06,1
40,2608,478.97,47.23,117.45,271.68,1
40,2609,451.4,49.044,110.57,277.72,1
40,2610,433.07,42.693,93.857,287.39,1
40,2611,354.09,46.322,144.44,290.7,1
40,2612,345.1,49.044,140.62,287.64,1
40,2613,332.3,44.508,100.77,301.55,1
40,2614,271.48,47.683,133.45,307.75,1
40,2615,254.23,50.859,130.72,313.95,1
40,2633,532.74,12.568,48.113,125.94,1
40,2634,526.12,12.296,48.113,127.03,1
40,2640,531.26,13.739,51.884,132.34,1
40,2641,529.88,13.822,52.233,134.71,1
40,2642,528.5,13.904,52.583,137.08,1
40,2643,523.5,13.079,52.932,139.46,1
40,2644,519.91,12.384,53.281,141.83,1
40,2645,519.51,12.748,53.63,144.2,1
40,2646,519.4,13.099,48.019,146.5,1
40,2647,437.64,10.64,93.762,245.96,1
40,2648,442.53,14.053,103.76,242.78,1
40,2649,449.29,17.51,114.6,254.98,1
40,2650,457.03,20.424,122.88,265.2,1
40,2651,465.75,21.823,126.18,269.49,1
40,2654,430.98,12.381,68.355,174.39,1
40,2655,430.92,12.494,69.579,178.55,1
40,2656,424.35,12.824,70.677,176.86,1
40,2657,424.35,13.016,71.626,181.46,1
40,2657,501.64,16.768,60.64,174.33,1
40,2658,424.33,13.562,72.451,185.46,1
40,2658,500.04,17.481,61.185,176.99,1
40,2659,424.31,14.417,73.145,188.82,1
40,2659,498.43,18.194,61.73,179.66,1
40,2660,424.26,15.534,73.699,191.5,1
40,2660,497.65,19.166,62.963,183.42,1
40,2661,424.2,16.869,74.105,193.46,1
40,2661,492.33,19.231,64.195,187.18,1
40,2662,416.73,18.376,81.737,194.67,1
40,2662,489.74,16.573,65.427,190.94,1
40,2663,423.99,20.009,74.44,195.09,1
40,2663,489.54,17.958,66.659,194.7,1
40,2664,417.63,22.731,74.44,195.09,1
40,2664,491.15,22.972,67.891,198.46,1
40,2665,411.92,22.731,75.65,205.29,1
40,2665,497.11,19.417,69.123,202.21,1
40,2666,412.24,25.064,76.861,204.55,1
40,2666,494.89,22.731,70.355,201.83,1
40,2667,404.47,22.787,78.071,217.71,1
40,2667,493.84,24.027,71.587,206.18,1
40,2668,401.44,25.523,79.281,223.48,1
40,2668,492.79,25.323,72.819,216.08,1
40,2669,402.03,23.636,80.492,229.07,1
40,2669,486.63,26.619,79.161,213.88,1
40,2670,402.61,27.993,81.702,223.4,1
40,2670,486.15,24.286,75.283,222.57,1
40,2671,399.54,32.22,82.913,232.78,1
40,2671,484.19,29.212,76.515,225.81,1
40,2672,395.89,29.956,84.123,238.78,1
40,2672,486.77,32.323,77.747,229.05,1
40,2673,394.61,31.304,85.333,244.41,1
40,2673,487.54,31.804,78.979,232.29,1
40,2674,395.87,34.367,86.544,249.83,1
40,2674,487.54,34.782,79.987,230.22,1
40,2675,403.13,38.997,87.754,254.89,1
40,2675,487.54,37.249,80.996,236.12,1
40,2676,407.16,35.977,88.965,259.43,1
40,2677,417.77,43.306,90.175,254.36,1
40,2678,420.28,44.508,91.385,266.31,1
40,2679,424.66,48.191,89.207,266.51,1
40,2680,427.16,48.199,91.891,266.76,1
40,2681,429.11,48.225,94.369,267.49,1
40,2682,430.57,48.271,96.613,268.66,1
40,2683,431.62,48.337,98.591,270.24,1
40,2684,443.05,48.427,89.552,272.2,1
40,2685,449.5,49.952,94.81,267.3,1
40,2686,445.04,49.313,106.04,280.11,1
40,2687,439.59,49.078,104.32,281.01,1
40,2688,433.07,49.044,103.49,283.1,1
40,2689,419.45,49.793,109.48,287.29,1
40,2690,413.1,52.141,106.48,295.63,1
40,2691,406.74,54.489,103.49,303.97,1
40,2692,386.49,53.93,106.07,303.97,1
40,2693,366.24,53.372,108.66,303.97,1
40,2694,345.99,52.814,111.24,303.97,1
40,2695,312.33,52.255,127.23,303.97,1
40,2696,305.49,51.697,129.4,303.97,1
40,2697,292.5,50.231,118.99,303.97,1
40,2698,263.17,50.58,107.26,311.51,1
40,2779,308.7,88.969,160.68,373.84,1
40,2780,322.32,84.432,160.68,373.84,1
40,2781,322.32,79.895,152.51,355.69,1
40,2782,328.59,69.007,146.76,334.82,1
40,2783,336.69,64.47,141.01,335.58,1
40,2784,353.68,62.201,135.26,325.52,1
40,2785,367.65,59.933,129.51,298.53,1
40,2786,381.38,59.479,123.76,290.59,1
40,2786,244.7,46.322,91.234,314.86,1
40,2787,377.35,57.859,118.01,282.65,1
40,2787,263.31,46.322,135.26,313.95,1
40,2788,277.83,53.581,136.47,310.32,1
40,2789,335.44,52.674,110.34,307.28,1
40,2790,350.4,53.581,122.86,305.71,1
40,2791,384.52,49.952,107.55,298.8,1
40,2792,413.85,49.952,113.62,282.93,1
40,2793,419.86,49.952,150.28,284.39,1
40,2794,432.16,46.322,149.56,275.08,1
40,2795,394.24,34.526,89.666,223.21,1
40,2796,401.93,33.256,87.689,218.04,1
40,2797,409.63,31.986,85.713,212.87,1
40,2798,417.33,30.716,83.736,207.7,1
40,2799,425.02,29.445,81.76,202.53,1
40,2800,432.72,28.175,79.783,191.46,1
40,2801,440.41,26.905,77.807,187.46,1
40,2802,448.11,25.634,75.83,183.47,1
40,2803,455.8,24.364,73.854,179.48,1
40,2804,463.5,23.094,71.877,175.49,1
40,2805,471.2,21.823,69.901,171.49,1
40,2806,476.57,20.991,67.934,168.17,1
40,2807,479.21,18.345,65.967,164.84,1
40,2807,263.31,46.322,94.411,319.4,1
40,2808,485.33,16.583,60.637,155.86,1
40,2808,274,54.598,128.2,339.25,1
40,2809,491.33,15.172,60.661,150.92,1
40,2809,271.12,66.83,131.77,347.52,1
40,2810,489.35,14.073,60.897,153.87,1
40,2810,267.06,67.953,129.7,351.3,1
40,2811,489.35,13.247,60.823,143.77,1
40,2811,267.85,71.243,145.25,358.19,1
40,2812,498.74,12.655,54.703,142.15,1
40,2812,265.41,85.661,168.57,394.84,1
40,2813,500.16,12.258,50.602,140.32,1
40,2814,510.89,12.75,48.113,133.96,1
40,2815,520.49,12.111,46.836,133.63,1
40,2816,528.78,11.876,46.365,132.76,1
40,2817,535.65,11.842,46.298,131.57,1
40,2833,514.77,12.75,49.021,117.05,1
40,2834,495.16,11.842,49.021,117.05,1
40,2835,478.28,11.842,59.189,117.05,1
40,2894,325.49,69.007,143.89,385.18,1
40,2895,334.47,64.571,156.7,377.37,1
40,2896,337.09,67.192,157.71,363.5,1
40,2896,240.01,47.835,100.77,313.65,1
40,2897,363.32,45.717,129.97,341.47,1
40,2897,251.2,50.254,120.13,309.72,1
40,2898,378.65,47.23,119.78,327.31,1
40,2898,262.4,52.674,118.92,305.78,1
40,2899,397.61,48.641,112.62,312.34,1
40,2899,272.39,52.674,116.8,309.41,1
40,2900,401.14,35.434,116.05,294.74,1
40,2900,296.29,52.674,100.77,325.75,1
40,2901,395.85,33.317,118.42,292.48,1
40,2901,313.24,52.674,91.688,335.73,1
40,2902,399.48,38.156,111.86,276.75,1
40,2902,321.71,55.094,97.437,339.66,1
40,2903,330.18,57.513,103.19,343.59,1
40,2904,338.66,59.933,108.94,347.52,1
40,2905,346.83,66.284,121.65,344.8,1
40,2906,355,72.636,119.22,374.14,1
40,2907,363.17,78.988,124.37,387.45,1
40,2908,357.72,79.895,149.79,387.45,1
40,2912,449.16,16.581,79.533,186.82,1
40,2913,452.23,14.665,78.575,180.06,1
40,2914,459.39,12.75,68.993,173.31,1
40,2915,464.79,12.346,68.337,169.38,1
40,2916,470.19,11.943,67.682,165.44,1
40,2917,475.58,11.54,67.026,161.51,1
40,2918,473.01,11.136,74.339,157.58,1
40,2952,327.54,83.751,145.48,393.57,1
40,2953,346.37,78.534,133.22,394.25,1
40,2954,355.07,72.712,127.21,375.58,1
40,2955,363.77,56.303,107.42,343.89,1
40,2956,372.47,61.067,102.35,331.87,1
40,2957,381.17,49.044,109.16,300.34,1
40,2958,389.87,49.422,108.56,292.7,1
40,2959,398.57,43.6,97.135,282.19,1
40,2960,405.15,35.434,86.014,265.86,1
40,2961,411.73,37.929,82.156,259.51,1
40,2962,418.32,35.094,84.879,231.72,1
40,2963,424.9,32.258,86.241,228.2,1
40,2964,431.48,29.422,76.709,225.48,1
40,2965,438.06,26.587,72.624,214.14,1
40,2966,444.64,23.751,68.539,202.8,1
40,2967,451.22,20.916,64.454,191.46,1
40,2968,455.2,20.009,62.411,185.9,1
40,2969,459.17,19.101,60.369,180.34,1
40,2970,463.14,18.194,58.326,174.78,1
40,2971,467.11,17.286,56.284,169.22,1
40,2972,471.08,16.379,54.241,163.67,1
40,2973,475.05,15.472,52.199,158.11,1
40,2974,479.02,14.564,50.156,152.55,1
40,3013,221.55,51.767,114.38,313.95,1
40,3014,237.89,51.767,114.38,313.95,1
40,3015,251.51,48.137,114.38,313.95,1
40,3016,253.32,46.322,114.38,313.95,1
40,3017,259.68,47.23,114.38,313.95,1
40,3018,259.68,48.137,114.38,313.95,1
40,3019,261.49,42.693,114.38,313.95,1
40,3020,251.51,44.508,122.55,310.32,1
40,3089,515.68,12.75,64.454,132.48,1
40,3090,506.6,15.925,61.504,132.48,1
40,3092,487.08,17.513,63.092,138.6,1
40,3093,477.55,16.379,60.823,148.81,1
40,3094,468.47,16.152,68.993,150.85,1
40,3095,474.83,15.472,56.284,156.98,1
40,3096,468.08,17.61,59.591,165.47,1
40,3097,464.06,12.49,62.898,173.96,1
40,3098,458.23,18.259,66.205,182.45,1
40,3099,458.75,19.101,69.512,185.88,1
40,3100,457.27,18.194,68.396,190.25,1
40,3101,457.58,24.364,61.627,199.8,1
40,3102,447.93,26.995,66.746,199.89,1
40,3103,441.92,24.182,77.39,218.81,1
40,3104,440.75,30.897,81.589,224.23,1
40,3105,436.85,29.99,85.787,228.39,1
40,3106,424.56,39.29,89.986,240.25,1
40,3107,408.63,37.702,94.184,252.11,1
40,3108,392.71,42.466,98.383,263.98,1
40,3109,380.41,45.415,102.58,275.84,1
40,3110,364.98,43.963,108.75,283.28,1
40,3111,322.32,47.956,124.37,290.72,1
40,3112,311.42,46.504,121.1,298.16,1
40,3113,274.2,45.415,102.58,317.04,1
40,3171,250.21,50.859,115.68,309.74,1
40,3172,269.53,51.767,119.05,311.6,1
40,3173,282.01,49.869,117.55,305.46,1
40,3174,314.45,40.878,110.45,307.33,1
40,3175,336.91,50.612,114.56,293.19,1
40,3176,344.85,47.807,113.06,287.05,1
40,3177,365.49,39.971,111.57,289.05,1
40,3178,377.81,38.156,110.07,292.75,1
40,3179,390.4,36.704,101.77,290,1
40,3179,254.35,73.795,124.25,291.01,1
40,3180,394.49,35.252,101.97,278.52,1
40,3180,266.94,69.206,115.79,297.42,1
40,3181,398.57,33.801,102.17,267.04,1
40,3181,286,69.063,122.09,294.84,1
40,3182,324.23,65.831,118,298.98,1
40,3183,341.01,64.64,113.92,301.08,1
40,3184,380.41,63.449,87.217,292.42,1
40,3185,404.93,62.258,108.94,283.76,1
40,3186,417.71,61.181,103.43,274.28,1
40,3187,430.52,60.062,97.948,264.92,1
40,3188,448.65,64.33,92.859,260.56,1
40,3189,453.95,59.957,88.703,249.7,1
40,3190,458.49,56.303,85.333,240.45,1
40,3191,462.1,53.53,82.946,233.15,1
40,3192,465.69,50.783,80.608,225.89,1
40,3193,469.24,48.076,78.327,218.72,1
40,3194,477.27,48.137,76.112,220.75,1
40,3195,479.16,46.383,74.851,215.78,1
40,3196,481.06,44.629,73.59,210.8,1
40,3197,482.95,42.874,72.328,205.82,1
40,3198,484.85,41.12,71.067,200.84,1
40,3199,486.74,39.366,69.805,195.86,1
40,3200,488.64,37.612,68.544,185.65,1
40,3201,490.53,35.857,67.283,181.25,1
40,3202,492.43,34.103,66.021,176.86,1
40,3203,494.32,32.349,64.76,172.46,1
40,3204,496.22,30.595,63.498,168.07,1
40,3205,498.11,28.84,62.237,163.67,1
40,3206,500.01,27.086,60.976,159.27,1
40,3207,501.9,25.332,59.714,154.88,1
40,3208,503.8,23.578,58.453,150.48,1
40,3209,505.69,21.823,57.191,146.09,1
40,3210,510.96,21.188,56.647,144.09,1
40,3211,508.05,21.46,56.102,142.09,1
40,3212,510.59,19.01,55.557,140.1,1
40,3213,516.77,18.375,55.013,138.1,1
40,3214,523.7,17.891,54.468,136.11,1
40,3215,530.63,17.407,53.923,134.11,1
40,3234,484.51,13.657,59.007,149.11,1
40,3235,483.3,15.472,60.823,151.23,1
40,3236,482.09,17.286,62.638,153.35,1
40,3237,476.38,18.836,65.551,160.76,1
40,3238,470.67,20.387,68.463,168.17,1
40,3239,468.59,13.77,71.376,175.58,1
40,3240,462.7,15.709,74.288,182.99,1
40,3241,456.82,17.648,77.201,190.4,1
40,3242,461.83,15.958,80.113,197.81,1
40,3243,455.34,18.098,83.026,191.55,1
40,3244,458.49,20.239,76.299,199.77,1
40,3245,451.39,22.38,79.814,207.98,1
40,3246,444.3,24.52,83.329,216.19,1
40,3247,447.2,26.661,86.844,224.41,1
40,3248,445.69,23.357,90.359,232.62,1
40,3249,437.3,25.951,93.874,240.84,1
40,3250,437.61,34.897,91.415,249.05,1
40,3251,425.62,31.412,95.528,257.26,1
40,3252,416.67,33.976,106.27,268.23,1
40,3253,410.43,46.521,109.56,276.1,1
40,3254,403.81,41.308,112.84,283.97,1
40,3255,394.01,43.505,121.67,291.84,1
40,3256,378.76,51.146,123.84,299.71,1
40,3257,363.06,52.674,126.02,315.05,1
40,3258,350.46,48.137,134.78,325.57,1
40,3259,347.73,51.313,133.66,328.38,1
40,3260,345.01,54.489,132.54,331.19,1
40,3261,342.97,50.935,130,331.19,1
40,3262,350,56.455,157.5,323.78,1
40,3263,368.84,58.526,178.61,324.52,1
40,3264,378.6,68.765,216.06,329.62,1
40,3302,469.15,44.508,114.61,262.68,1
40,3303,454.85,48.238,111.26,269.39,1
40,3304,450.88,47.431,79.319,265.66,1
40,3305,400.39,51.81,112.57,265.82,1
40,3306,393.12,56.188,105.15,280.64,1
40,3307,379.81,48.771,97.74,293.35,1
40,3308,337.98,59.728,150.47,314.16,1
40,3309,327.31,65.845,152.96,327.7,1
40,3310,326.85,66.519,125.73,324.61,1
40,3311,292.36,78.08,132.54,354.78,1
40,3312,274.52,83.917,129.5,376.17,1
40,3313,240.44,82.871,164.48,397.63,1
40,3363,310.06,87.154,123.79,393.35,1
40,3364,318.68,80.349,137.08,384.27,1
40,3365,337.11,73.543,132.09,378.37,1
40,3366,355.54,66.738,127.09,336.18,1
40,3367,373.97,59.933,122.1,341.17,1
40,3368,404.93,53.128,104.58,323.48,1
40,3369,410.83,46.322,112.11,305.78,1
40,3370,417.96,54.489,107.44,284.14,1
40,3371,425.09,42.693,102.78,266.77,1
40,3372,446.68,40.878,83.647,258.24,1
40,3373,458.49,39.063,74.31,249.71,1
40,3374,459.24,37.249,76.018,235.92,1
40,3375,460,35.434,77.725,230.02,1
40,3376,460.76,33.619,79.433,224.12,1
40,3377,464.26,31.804,77.228,217.9,1
40,3378,467.76,29.99,75.023,211.68,1
40,3379,471.26,28.175,72.819,205.46,1
40,3380,474.76,26.36,70.614,199.23,1
40,3381,478.26,24.545,68.409,193.01,1
40,3382,481.76,22.731,66.205,186.79,1
40,3383,485.27,20.916,64,180.57,1
40,3384,488.12,20.138,63.222,175.51,1
40,3385,490.97,19.36,62.444,170.46,1
40,3386,493.83,18.583,61.666,165.4,1
40,3387,496.68,17.805,60.888,160.35,1
40,3388,499.53,17.027,60.109,155.29,1
40,3389,502.38,16.249,59.331,150.23,1
40,3390,505.24,15.472,58.553,145.18,1
40,3391,506.09,15.439,58.553,141.52,1
40,3392,508.61,15.34,58.553,138.33,1
40,3393,512.71,15.168,58.553,135.66,1
40,3394,518.32,14.918,58.553,133.52,1
40,3395,525.34,14.586,58.553,131.95,1
40,3662,480.27,38.991,106.21,286.19,1
40,3663,456.67,38.991,111.66,294.34,1
40,3664,446.68,37.179,97.135,295.25,1
40,3665,398.57,36.274,124.37,293.43,1
40,3666,368.61,36.274,136.17,302.49,1
40,3667,463.48,18.336,58.235,162.07,1
40,3667,365.89,33.557,117.11,307.92,1
40,3668,458.49,19.066,59.915,167.55,1
40,3668,342.29,34.462,109.84,319.7,1
40,3669,458.4,20.606,53.651,174.43,1
40,3669,288.73,38.085,141.62,315.17,1
40,3670,448.32,19.428,64.999,181.31,1
40,3670,278.74,40.802,137.99,321.51,1
40,3671,444.6,24.591,67.54,188.2,1
40,3671,244.24,38.085,120.28,326.94,1
40,3672,447.36,20.567,59.241,192.31,1
40,3673,449.06,22.883,63.589,199.65,1
40,3674,447.13,26.104,67.938,207,1
40,3675,446.11,23.892,72.287,214.34,1
40,3676,450.54,33.453,76.636,221.69,1
40,3677,455.87,32.146,80.985,229.03,1
40,3678,457.58,34.462,85.333,236.38,1
40,3679,459.12,43.157,96.499,246.7,1
40,3680,467.47,43.809,115.38,245.9,1
40,3681,474.83,44.425,118.01,252.61,1
40,3682,483.08,51.732,120.7,250.11,1
40,3683,484.27,52.448,122.63,247.94,1
40,3943,443.14,63.443,140.62,316.85,1
40,3944,410.25,56.903,114.5,337.11,1
40,3945,340.47,59.821,165.96,329.43,1
40,3946,329.45,58.398,153.55,327.91,1
40,3947,312.98,54.257,98.302,334.32,1
40,3948,256.95,56.276,136.62,331.21,1
40,3949,238.8,55.292,147.97,330.57,1
40,3980,255.67,42.387,135.87,318.42,1
40,3981,284.33,45.443,132.29,339.51,1
40,3982,297.73,45.24,128.71,337.18,1
40,3983,311.14,45.036,125.13,334.85,1
40,3984,324.55,44.832,121.54,332.51,1
40,3985,352.48,45.534,117.96,330.18,1
40,3986,351.37,44.425,114.38,327.85,1
40,3987,350.21,43.684,113.56,327.6,1
40,3988,358.63,42.943,90.78,322.99,1
40,3989,356.41,42.202,92.394,312.86,1
40,3990,340.7,41.461,107.5,321.1,1
40,3991,340.41,40.72,107.18,321.68,1
40,3992,340.12,39.979,106.87,322.26,1
40,3993,339.82,39.238,106.56,322.83,1
40,3994,339.53,38.497,106.24,323.41,1
40,3995,339.24,37.756,105.93,323.98,1
40,3996,338.95,37.015,105.62,324.56,1
40,3997,338.66,36.274,105.3,325.13,1
40,3998,338.66,36.567,105.77,324.84,1
40,3999,338.66,36.861,106.23,324.54,1
40,4000,338.66,37.155,106.69,324.25,1
40,4001,338.66,37.449,107.16,323.96,1
40,4002,338.66,37.743,107.62,323.66,1
40,4003,338.66,38.037,108.08,323.37,1
40,4004,338.66,38.33,108.54,323.08,1
40,4005,338.66,38.624,109.01,322.78,1
40,4006,338.66,38.918,109.47,322.49,1
40,4007,338.66,39.299,110.07,322.11,1
40,4008,338.66,39.506,110.39,321.9,1
40,4009,338.66,39.506,110.39,321.9,1
40,4010,338.66,39.506,110.39,321.9,1
40,4011,338.66,39.506,110.39,321.9,1
40,4012,338.66,39.506,110.39,321.9,1
40,4013,338.66,39.506,110.39,321.9,1
40,4014,338.66,39.506,110.39,321.9,1
40,4015,338.66,39.506,110.39,321.9,1
40,4016,338.66,39.506,110.39,321.9,1
40,4017,338.66,39.506,110.39,321.9,1
40,4018,359.78,38.588,115.9,321.42,1
40,4019,377.77,40.424,112.41,319.29,1
40,4020,373.43,40.933,108.93,318.88,1
40,4021,371.83,35.019,105.44,302.79,1
40,4022,380.08,32.906,101.95,294.54,1
40,4023,381.9,32.63,98.458,295.06,1
40,4024,391.43,30.15,94.969,285.06,1
40,4025,400.96,27.671,91.48,269.73,1
40,4026,410.5,25.191,87.99,270.38,1
40,4027,420.03,22.712,84.501,263.68,1
40,4028,429.56,20.232,81.012,245.05,1
40,4029,439.33,23.319,79.259,239.71,1
40,4030,444.5,19.982,77.506,234.37,1
40,4031,453.35,17.479,73.75,222.69,1
40,4032,455.77,17.896,74,223.69,1
40,4033,460.03,17.312,72.247,218.35,1
40,4034,462.45,14.726,70.494,208.59,1
40,4035,463.95,16.561,68.741,201.75,1
40,4036,463.62,15.56,66.988,202.33,1
40,4037,467.87,14.976,65.235,186.98,1
40,4038,472.13,14.392,63.482,191.65,1
40,4039,476.39,13.808,61.729,186.31,1
40,4040,480.06,13.307,61.145,173.96,1
40,4041,477.52,12.807,57.848,171.71,1
40,4042,478.23,11.388,59.976,174.3,1
40,4084,268.16,46.542,111.61,335.3,1
40,4085,285.84,54.19,129.24,334.07,1
40,4086,295.25,55.108,123.5,334.86,1
40,4087,345.99,53.147,83.781,337.87,1
40,4088,360.48,53.068,112.45,336.11,1
40,4089,367.33,52.946,114.51,337.15,1
40,4090,383.08,44.095,108.46,312.96,1
40,4091,397.31,43.177,104.89,300.11,1
40,4092,409.57,51.437,103.76,290.94,1
40,4093,430.07,41.867,105.07,277.56,1
40,4094,442.85,39.212,112.78,274.25,1
40,4095,440.94,38.392,120.48,270.94,1
40,4096,439.87,36.654,134.69,267.63,1
40,4097,451.81,34.917,135.9,264.32,1
40,4098,453.39,34.249,131.72,259.23,1
40,4099,454.98,33.582,127.55,263.82,1
40,4100,456.56,32.914,123.38,265.41,1
40,4101,458.15,34.917,109.35,264.32,1
40,4102,456.98,40.292,106.59,256.32,1
40,4103,453.06,40.161,103.43,248.33,1
40,4104,456.48,32.688,96.33,231.67,1
40,4105,456.92,34.163,94.744,225.84,1
40,4106,464.7,35.638,93.158,220.01,1
40,4107,469.73,24.264,91.572,214.17,1
40,4108,469.25,27.575,89.986,208.34,1
40,4109,471.67,25.989,87.815,202.83,1
40,4110,476.85,17.062,76.88,194.07,1
40,4111,478.96,19.046,75.684,188.92,1
40,4112,481.08,15.523,74.487,179.09,1
40,4113,483.19,14.753,73.291,174.61,1
40,4114,481.63,17.655,72.094,170.14,1
40,4139,523.12,20.39,56.737,136.33,1
40,4140,521.04,18.957,57.438,142.61,1
40,4141,512.41,19.125,66.114,147,1
40,4142,506.95,19.315,66.408,156.57,1
40,4143,503.34,20.477,66.766,161.49,1
40,4144,499.45,24.432,67.209,167.04,1
40,4145,493.23,22.494,68.488,173.41,1
40,4146,484.55,23.196,69.183,180.21,1
40,4147,476.35,24.498,71.152,187.79,1
40,4148,468.71,26.321,74.224,196.09,1
40,4149,461.71,28.583,78.227,205.03,1
40,4150,459.11,27.533,82.986,214.56,1
40,4151,452.21,36.136,87.408,224.26,1
40,4152,446.12,35.831,93.181,234.7,1
40,4153,441.71,40.424,100.09,245.97,1
40,4154,444.89,47.136,91.392,261.28,1
40,4155,440.76,45.06,99.191,263.36,1
40,4156,433.88,53.549,118.02,288.14,1
40,4157,434.36,61.25,123.96,297.64,1
40,4158,429.04,58.779,150.4,307.46,1
40,4159,428.85,73.464,170.79,328.57,1
40,4318,445.38,40.607,132.68,270.26,1
40,4321,462.21,67.088,113.55,329.48,1
40,4322,443.54,66.528,116.61,329.48,1
40,4323,385.69,65.967,149.21,329.48,1
40,4324,374.68,65.407,134.98,329.48,1
40,4325,363.66,64.846,120.75,329.48,1
40,4326,352.64,64.286,106.51,329.48,1
40,4327,343.11,58.779,103.3,317.09,1
40,4328,330.83,53.272,107.2,297.36,1
40,4329,342.54,50.213,92.74,293.08,1
40,4330,349.88,47.154,90.353,274.11,1
40,4331,352.64,44.095,87.966,263.17,1
40,4332,361.51,41.035,85.578,252.24,1
40,4333,370.39,37.976,83.191,230.06,1
40,4334,379.27,34.917,80.803,230.36,1
40,4335,387.87,34.114,80.803,222.22,1
40,4336,399.24,25.051,80.803,214.07,1
40,4337,407.39,25.624,80.803,205.93,1
40,4338,424.26,26.198,72.08,197.78,1
40,4339,431.95,25.854,74.95,189.64,1
40,4340,437.34,26.733,76.901,181.49,1
40,4341,442.74,22.106,78.852,173.35,1
40,4342,454.56,26.657,75.294,165.2,1
40,4343,457.89,20.806,72.999,161.07,1
40,4344,459.15,24.133,76.442,156.94,1
40,4345,459.15,22.871,79.311,152.81,1
40,4346,471.55,12.89,66.571,150.98,1
40,4347,480.39,16.561,63.816,148.34,1
40,4348,484.63,12.661,61.521,140.42,1
40,4349,490.26,14.611,59.225,136.29,1
40,4350,495.88,16.561,56.93,132.16,1
40,4439,507.13,8.2419,35.505,113.85,1
40,4489,281.93,72.546,145.08,407.95,1
40,4490,309.85,66.305,128.18,383.45,1
40,4491,315.27,71.307,149.39,372.48,1
40,4492,341.8,63.46,155,348.67,1
40,4493,397.26,61.12,168.4,344.12,1
40,4494,412.32,64.286,181.81,339.58,1
40,4535,465.27,63.062,95.801,249.94,1
40,4536,408.65,67.957,118.45,265.24,1
40,4537,360.9,68.263,130.69,269.83,1
40,4538,313.15,68.569,142.94,274.42,1
40,4539,265.41,68.875,155.18,279.01,1
40,4838,418.75,46.848,125.8,322.14,1
40,4845,456.4,44.401,112.02,261.26,1
40,4846,451.81,43.177,86.313,268.91,1
40,4847,425.18,45.012,100.09,277.17,1
40,4848,416.91,46.848,95.495,278.55,1
40,4849,408.65,48.684,90.904,279.92,1
40,4850,385.69,49.601,109.27,279.92,1
40,4851,356.31,50.519,123.96,285.43,1
40,4851,449.05,41.341,115.85,260.65,1
40,4852,361.82,51.437,103.76,297.36,1
40,4853,351.11,54.19,103.76,301.03,1
40,4854,340.39,56.944,103.76,323.06,1
40,4855,329.68,59.697,103.76,335.91,1
40,4855,427.93,46.848,106.51,291.85,1
40,4856,323.25,61.533,103.76,335.91,1
40,4856,420.28,50.213,109.57,304.4,1
40,4857,309.79,66.733,110.49,333.46,1
40,4857,412.63,53.578,112.64,316.94,1
40,4858,287.44,71.934,126.1,347.07,1
40,4859,282.85,77.135,123.96,360.69,1
40,4859,394.26,56.944,120.9,345.39,1
40,4860,262.35,75.605,127.02,363.14,1
40,4860,390.9,70.71,126.1,361.3,1
40,4861,248.73,80.959,130.08,378.66,1
40,4861,397.63,70.71,131.31,377.21,1
40,4862,235.11,86.313,133.14,394.19,1
40,4862,395.79,74.076,136.81,375.68,1
40,4863,382.94,80.194,142.32,400.31,1
40,4875,472.92,60.615,108.35,330.4,1
40,4876,415.99,54.802,133.75,318.78,1
40,4877,413.7,47.613,113.4,313.12,1
40,4878,411.4,40.424,108.35,295.53,1
40,4879,409.26,40.424,116,285.43,1
40,4880,407.12,35.835,109.42,259.73,1
40,4881,404.98,40.424,102.84,249.64,1
40,4882,411.71,37.976,91.516,238.32,1
40,4883,418.44,35.529,93.046,219.66,1
40,4884,425.18,33.081,88.149,215.68,1
40,4885,432.22,28.798,83.864,201.61,1
40,4886,439.26,24.515,79.579,202.83,1
40,4887,446.3,20.232,75.294,196.41,1
40,4888,450.89,19.009,72.846,189.06,1
40,4889,455.48,17.785,70.397,181.72,1
40,4890,460.07,16.561,67.948,174.38,1
40,4891,455.17,16.561,67.948,168.26,1
40,4892,450.28,16.561,67.948,162.14,1
40,4893,445.38,16.561,67.948,156.02,1
40,4980,480.27,50.519,107.89,254.23,1
40,4981,433.9,54.19,133.6,262.03,1
40,4982,431.6,45.012,94.577,269.83,1
40,4983,392.58,49.601,106.05,281.76,1
40,4984,353.56,54.19,117.53,284.51,1
40,4985,342.54,49.601,92.74,292.77,1
40,4986,275.51,53.272,127.17,289.1,1
40,4987,254.39,56.026,141.41,299.2,1
40,5096,254.39,50.519,127.63,306.54,1
40,5097,293.87,51.896,127.63,296.44,1
40,5098,333.36,53.272,127.63,286.35,1
40,5099,368.25,45.012,96.413,279.92,1
40,5100,393.19,45.624,94.424,272.05,1
40,5101,406.2,48.072,92.434,264.17,1
40,5102,413.7,37.67,90.445,256.29,1
40,5103,425.79,36.446,78.355,248.41,1
40,5104,426.86,37.058,76.365,240.54,1
40,5105,422.42,29.41,79.885,222.1,1
40,5106,420.13,29.563,78.661,220.11,1
40,5107,419.67,28.798,77.437,209.87,1
40,5108,421.05,23.445,76.212,203.75,1
40,5109,431.6,26.657,65.194,193.65,1
40,5110,433.9,20.997,73.764,186.46,1
40,5111,436.2,19.315,72.539,185.39,1
40,5112,443.12,19.032,70.067,181.16,1
40,5113,450.04,18.75,67.595,176.92,1
40,5114,456.96,18.467,65.123,172.68,1
40,5115,463.88,18.185,62.651,168.45,1
40,5116,470.81,17.903,60.179,155.6,1
40,5117,469.25,17.62,66.183,152.44,1
40,5118,475.47,13.667,55.235,149.28,1
40,5119,488.53,15.22,49.372,146.12,1
40,5158,274.98,76.544,134.91,378.22,1
40,5159,282.47,68.877,129.58,365.89,1
40,5160,297.45,72.887,123.82,358.25,1
40,5161,308.86,66.526,111.5,339.26,1
40,5162,312.95,61.676,113.68,320.56,1
40,5163,326.47,60.082,115.02,321.25,1
40,5164,340.28,58.579,115.49,308.26,1
40,5165,359.78,55.337,110.51,291.58,1
40,5166,374.04,54.868,102.22,292.35,1
40,5167,383.04,54.457,99.952,284.31,1
40,5168,416.93,46.775,78.776,273.8,1
40,5169,420.99,51.887,100.66,264.97,1
40,5170,427.62,50.836,100.77,259.85,1
40,5171,460.58,46.236,126.81,261.15,1
40,5172,480.95,46.236,107.35,263.82,1
40,5173,487.21,46.673,104.27,258.67,1
40,5174,487.42,45.168,101.52,254.47,1
40,5213,530.05,17.318,51.515,131.82,1
40,5214,523.68,18.227,53.03,134.55,1
40,5215,517.32,19.136,54.545,137.27,1
40,5216,513.08,19.136,56.061,142.73,1
40,5217,508.83,19.136,57.576,148.18,1
40,5218,504.59,19.136,59.091,153.64,1
40,5219,502.62,20.879,60.379,159.47,1
40,5220,504.29,17.167,61.667,165.3,1
40,5221,501.95,23.682,62.955,166.91,1
40,5222,499.62,21.742,64.242,173.76,1
40,5223,497.29,24.03,65.53,176.92,1
40,5224,494.95,26.318,66.818,188.64,1
40,5225,492.62,28.606,68.106,186.89,1
40,5226,490.29,30.894,69.394,193.7,1
40,5227,481.59,33.182,70.682,201.41,1
40,5228,481.38,30.015,71.97,205.48,1
40,5229,481.17,37.758,73.258,216.23,1
40,5230,480.95,40.045,74.545,223.64,1
40,5231,481.39,36.409,86.012,229.09,1
40,5232,482.58,43.076,107.46,238.35,1
40,5233,483.8,44.591,109.25,250.91,1
40,5234,486.14,46.106,109.91,247.25,1
40,5298,280.95,43.864,114.55,308,1
40,5299,292.77,46.409,170,300.73,1
40,5300,331.86,41.864,131.82,297.27,1
40,5301,370.95,37.318,156.36,305.45,1
40,5302,392.32,37.318,146.82,300.91,1
40,5303,413.68,37.318,120.91,283.64,1
40,5304,432.77,32.773,100.91,270.91,1
40,5305,445.05,38.227,97.727,262.27,1
40,5306,457.32,32.773,94.545,253.64,1
40,5307,459.59,30.045,94.545,238.18,1
40,5308,461.86,27.318,94.545,237.27,1
40,5309,466.41,24.136,90,227.27,1
40,5310,470.95,20.955,85.455,217.27,1
40,5311,473.68,22.318,85.455,210.45,1
40,5312,476.41,23.682,85.455,203.64,1
40,5313,476.41,20.045,85.455,193.64,1
40,5314,476.41,23.682,85.455,188.18,1
40,5315,476.41,20.5,83.182,180.91,1
40,5316,476.41,17.318,80.909,173.64,1
40,5317,481.41,17.318,75.909,171.82,1
40,5642,517.32,42.318,66.364,257.27,1
40,5643,489.14,39.136,84.091,257.27,1
40,5644,489.14,34.591,76.591,261.82,1
40,5645,489.14,0.5,69.091,295.91,1
40,5646,470.95,35.5,85.455,259.09,1
40,5647,480.05,39.136,74.545,253.64,1
40,5648,475.95,36.864,78.182,236.82,1
40,5649,471.86,34.591,81.818,234.55,1
40,5650,467.32,32.773,81.818,231.82,1
40,5651,461.86,29.136,84.545,214.55,1
40,5652,461.86,24.591,84.545,214.55,1
40,5653,465.5,24.591,80.909,210.91,1
40,5654,469.14,24.591,77.273,194.55,1
40,5655,469.14,24.591,77.273,191.36,1
40,5656,469.14,24.591,77.273,188.18,1
40,5657,471.41,17.318,71.364,180.91,1
40,5658,473.68,20.955,69.091,175.45,1
40,5659,480.95,20.045,65,170,1
40,5660,488.23,19.136,60.909,164.55,1
40,5661,484.59,17.318,60.909,165.45,1
40,5662,480.95,15.5,60.909,156.36,1
40,5663,481.86,12.773,61.818,156.36,1
40,5775,526.41,15.5,51.818,130,1
40,5776,513.68,16.409,56.364,133.64,1
40,5777,508.68,15.955,55.909,136.82,1
40,5778,503.68,15.5,55.455,140,1
40,5779,502.32,15.5,55.455,142.73,1
40,5780,500.95,15.5,55.455,145.45,1
40,5781,499.14,17.773,55.455,148.64,1
40,5782,497.32,20.045,55.455,151.82,1
40,5783,497.32,20.045,55.455,159.55,1
40,5784,497.32,20.045,55.455,167.27,1
40,5785,497.32,20.045,61.364,167.27,1
40,5786,497.32,20.045,67.273,167.27,1
40,5787,494.59,28.227,67.273,173.64,1
40,5788,491.86,25.5,67.273,180,1
40,5789,490.5,28.227,67.273,188.18,1
40,5790,489.14,30.955,67.273,196.36,1
40,5791,484.59,30.955,77.727,196.36,1
40,5792,468.23,42.773,96.364,186.36,1
40,5793,456.86,17.318,104.55,206.36,1
40,5794,454.59,15.5,112.73,135.45,1
40,5795,449.14,29.136,106.36,196.36,1
40,5796,443.68,42.773,80,188.18,1
40,5797,450.5,41.409,84.545,215,1
40,5798,457.32,40.045,89.091,226.36,1
40,5799,455.05,44.136,91.818,239.09,1
40,5800,452.77,48.227,94.545,251.82,1
40,5801,451.41,44.591,94.545,262.73,1
40,5802,450.05,53.682,94.545,286.36,1
40,5803,444.59,55.955,106.36,298.18,1
40,5804,439.14,58.227,118.18,310,1
40,5805,426.86,69.591,118.18,337.73,1
40,5806,412.77,64.591,118.18,343.64,1
40,5807,398.23,82.318,118.18,382.27,1
40,5808,383.68,87.318,139.09,393.18,1
40,5809,366.86,87.318,155,393.18,1
40,5852,363.1,81.581,213.95,398.92,1
40,5853,363.1,81.581,213.95,398.92,1
40,5854,343.65,72.315,189.87,369.73,1
40,5855,337.17,60.268,216.73,345.64,1
40,5856,347.36,63.975,246.37,336.37,1
40,5857,416.82,55.635,153.75,307.64,1
40,5858,461.28,52.855,122.26,307.64,1
40,5859,454.8,52.855,128.74,298.38,1
40,5860,468.69,46.369,122.26,276.14,1
40,5944,508.52,13.01,43.068,126.49,1
40,5945,512.22,13.01,46.31,129.73,1
40,5946,515.46,13.473,48.625,133.44,1
40,5947,518.71,13.936,50.941,137.14,1
40,5948,520.56,18.106,52.793,140.85,1
40,5949,522.41,22.276,54.645,144.56,1
40,5950,521.48,25.056,54.645,149.19,1
40,5951,520.56,27.836,54.645,153.82,1
40,5952,516.85,22.276,60.203,159.85,1
40,5953,509.44,25.983,65.76,165.87,1
40,5954,507.59,27.836,65.76,171.43,1
40,5955,507.59,26.909,63.907,176.99,1
40,5956,505.74,33.396,65.76,188.11,1
40,5957,496.48,32.469,68.538,185.33,1
40,5958,483.51,32.469,81.505,199.23,1
40,5959,483.51,35.249,81.505,209.42,1
40,5960,489.99,35.249,75.022,216.83,1
40,5961,484.44,37.566,80.579,233.98,1
40,5962,478.88,39.882,86.136,234.44,1
40,5963,469.62,42.662,92.156,252.97,1
40,5964,460.36,45.442,98.177,271.51,1
40,5965,457.58,44.515,100.96,275.21,1
40,5966,454.8,55.635,98.177,293.75,1
40,5967,439.05,52.855,111.14,309.5,1
40,5968,419.6,61.195,125.96,334.05,1
40,5969,400.15,69.535,140.78,358.61,1
40,5970,402.01,70.461,140.78,360.46,1
40,5971,398.3,86.214,140.78,388.26,1
40,5981,486.29,16.716,59.276,120.46,1
40,5982,489.07,14.863,59.276,128.8,1
40,5983,489.07,17.18,59.276,128.8,1
40,5984,489.07,19.496,59.276,128.8,1
40,5985,489.53,19.033,59.276,134.36,1
40,5986,489.99,18.569,59.276,139.92,1
40,5987,489.53,19.496,59.276,143.17,1
40,5988,489.07,20.423,59.276,146.41,1
40,5989,489.07,20.423,59.276,153.36,1
40,5990,489.07,20.423,59.276,160.31,1
40,5991,485.83,20.423,62.518,165.41,1
40,5992,482.58,20.423,65.76,170.5,1
40,5993,475.17,20.423,73.169,172.36,1
40,5994,467.76,20.423,80.579,174.21,1
40,5995,467.76,25.056,80.579,179.77,1
40,5996,467.76,29.689,80.579,185.33,1
40,5997,463.13,30.616,85.21,192.74,1
40,5998,458.5,31.542,89.841,200.15,1
40,5999,455.26,32.469,83.821,202.93,1
40,6000,452.02,33.396,77.8,215.91,1
40,6001,445.54,36.176,84.284,222.39,1
40,6002,435.81,38.029,88.452,221.47,1
40,6003,426.09,39.882,92.619,233.51,1
40,6004,420.53,41.736,92.619,239.54,1
40,6005,393.67,43.589,113.92,245.56,1
40,6006,383.48,49.612,121.33,266.41,1
40,6007,384.41,48.222,110.22,277.99,1
40,6008,370.98,54.245,118.55,284.94,1
40,6009,357.55,60.268,126.89,302.08,1
40,6010,348.29,65.828,126.43,304.86,1
40,6011,290.86,71.388,174.12,339.15,1
40,6012,298.27,79.728,161.16,354.9,1
40,6013,310.31,82.971,148.19,348.88,1
40,6014,285.3,99.187,165.79,377.14,1
40,6236,398.76,91.774,161.62,366.49,1
40,6237,411.73,87.604,149.12,367.41,1
40,6238,424.7,83.434,136.61,353.05,1
40,6239,434.42,77.875,127.81,320.62,1
40,6240,444.15,72.315,119.02,321.54,1
40,6241,441.83,66.755,119.02,303.47,1
40,6242,439.52,61.195,119.02,285.41,1
40,6243,449.01,60.268,109.99,275.68,1
40,6244,464.06,51.929,100.96,265.95,1
40,6245,469.62,51.929,95.398,258.53,1
40,6246,475.17,51.929,89.841,251.12,1
40,6247,471.93,48.222,89.841,231.66,1
40,6248,468.69,44.515,89.841,232.59,1
40,6248,405.25,29.689,95.861,227.95,1
40,6249,475.64,41.736,85.673,226.1,1
40,6249,406.17,29.689,90.767,221.47,1
40,6250,482.58,38.956,81.505,207.57,1
40,6250,407.1,25.056,85.673,206.64,1
40,6251,482.58,38.956,81.505,207.57,1
40,6251,408.03,24.593,85.673,203.4,1
40,6252,482.58,36.176,81.505,207.57,1
40,6252,408.95,19.496,85.673,204.79,1
40,6253,485.36,29.226,75.948,201.08,1
40,6253,413.58,20.886,78.263,196.45,1
40,6254,491.85,33.396,70.391,194.59,1
40,6254,418.21,22.276,70.854,188.11,1
40,6255,494.62,33.396,70.391,184.86,1
40,6255,425.62,19.496,68.538,182.08,1
40,6256,497.4,33.396,70.391,175.14,1
40,6256,433.03,16.716,66.223,176.06,1
40,6257,497.87,33.396,70.391,172.36,1
40,6257,439.28,16.716,59.971,170.04,1
40,6258,492.77,27.836,70.391,169.58,1
40,6258,445.54,16.716,53.719,164.02,1
40,6259,496.94,24.129,66.223,168.65,1
40,6259,451.56,16.716,53.719,162.16,1
40,6260,501.11,26.909,62.055,161.24,1
40,6261,505.74,26.909,57.424,154.29,1
40,6262,510.37,26.909,58.35,147.34,1
40,6263,512.69,24.129,55.109,152.9,1
40,6264,515,21.349,51.867,141.78,1
40,6265,515,21.349,54.645,141.78,1
40,6266,515,21.349,57.424,141.78,1
40,6267,521.02,21.813,55.572,136.68,1
40,6268,527.04,22.276,53.719,131.58,1
40,6269,532.6,19.496,49.551,131.58,1
40,6270,538.16,16.716,45.384,131.58,1
40,6308,469.62,56.562,101.88,273.36,1
40,6309,435.35,57.025,118.09,284.94,1
40,6310,433.5,57.488,101.88,291.89,1
40,6311,397.37,62.122,120.87,294.67,1
40,6312,395.52,66.755,105.59,317.84,1
40,6313,375.61,68.608,113.92,325.25,1
40,6314,355.7,70.461,122.26,360.46,1
40,6315,342.73,76.485,119.48,379.46,1
40,6316,329.76,82.508,116.7,374.36,1
40,6317,289.94,89.458,133.84,386.87,1
40,6403,500.18,41.272,74.096,239.54,1
40,6404,476.1,38.956,78.726,233.51,1
40,6405,468.23,36.176,78.726,231.66,1
40,6406,460.36,33.396,78.726,222.39,1
40,6407,456.65,33.396,82.431,219.61,1
40,6408,452.95,33.396,86.136,216.83,1
40,6409,464.99,30.153,75.485,204.32,1
40,6410,466.84,26.909,75.022,206.64,1
40,6411,469.15,26.909,72.706,198.76,1
40,6412,471.47,26.909,70.391,190.89,1
40,6413,477.49,25.983,75.948,190.89,1
40,6414,483.51,25.056,81.505,190.89,1
40,6415,492.31,23.203,79.653,181.62,1
40,6416,501.11,21.349,77.8,178.84,1
40,6417,504.81,21.349,74.096,178.84,1
40,6418,508.52,21.349,70.391,174.21,1
40,6419,512.22,21.349,66.686,169.58,1
40,6420,512.22,21.349,66.686,164.48,1
40,6421,512.22,21.349,66.686,159.38,1
40,6422,514.07,21.349,64.834,157.99,1
40,6423,515.93,21.349,62.981,156.6,1
40,6424,514.07,19.496,53.719,148.26,1
40,6425,512.22,17.643,62.981,149.19,1
40,6426,517.78,16.716,59.276,146.41,1
40,6427,523.34,15.79,55.572,143.63,1
40,6428,526.12,14.863,55.572,143.63,1
40,6429,528.89,13.936,55.572,143.63,1
40,6430,532.6,12.546,52.33,139.92,1
40,6777,530.1,15.941,49.122,131.1,1
40,6778,508.5,15.185,56.412,133.35,1
40,6779,490.41,15.377,61.577,134.7,1
40,6780,484.12,14.662,57.252,136.05,1
40,6781,458.72,14.9,70.57,137.4,1
40,6782,509.44,11.62,49.088,128.8,1
40,6782,441.24,16.045,78.119,138.74,1
40,6783,512.22,12.083,49.088,133.44,1
40,6783,438.46,17.191,70.052,140.09,1
40,6784,514.54,13.936,49.088,136.68,1
40,6785,516.85,15.79,49.088,139.92,1
40,6786,521.02,15.326,49.088,141.31,1
40,6787,525.19,14.863,49.088,142.7,1
40,6788,523.8,16.253,49.088,146.41,1
40,6789,522.41,17.643,49.088,150.12,1
40,6790,520.09,18.106,50.478,152.43,1
40,6791,517.78,18.569,51.867,154.75,1
40,6792,517.78,18.569,51.867,158.92,1
40,6793,517.78,18.569,51.867,163.09,1
40,6794,517.78,19.959,51.867,163.09,1
40,6795,517.78,21.349,51.867,163.09,1
40,6796,512.22,21.349,58.35,167.26,1
40,6797,506.66,21.349,64.834,171.43,1
40,6797,437.61,13.736,56.416,152.77,1
40,6798,503.89,22.276,64.834,176.99,1
40,6798,439.42,15.631,55.162,156.18,1
40,6799,501.11,23.203,64.834,182.55,1
40,6799,430.84,17.525,64.307,159.6,1
40,6800,497.4,23.203,68.538,183.47,1
40,6800,430.05,19.419,65.652,163.01,1
40,6801,493.7,23.203,72.243,184.4,1
40,6801,427.56,16.735,68.943,172.67,1
40,6802,489.53,23.666,72.243,189.96,1
40,6802,427.78,18.587,68.829,169.29,1
40,6803,485.36,24.129,72.243,195.52,1
40,6803,420.21,21.636,72.275,179.54,1
40,6804,486.29,26.446,72.243,200.62,1
40,6804,414.46,17.426,66.725,184.06,1
40,6805,487.21,28.763,72.243,205.71,1
40,6805,406.79,20.837,70.62,194.6,1
40,6806,491.85,29.226,72.243,208.03,1
40,6806,399.13,24.249,74.515,199.92,1
40,6807,496.48,29.689,72.243,210.35,1
40,6807,396.01,23.123,78.411,203.77,1
40,6808,493.7,32.006,76.874,217.3,1
40,6808,391.31,26.802,79.075,210.07,1
40,6809,490.92,34.322,81.505,224.25,1
40,6809,383.18,30.48,83.172,212.74,1
40,6810,490.92,34.322,81.505,225.17,1
40,6810,375.95,28.715,77.994,222.67,1
40,6811,490.92,34.322,81.505,241.85,1
40,6811,371.39,35.504,82.754,234.97,1
40,6812,491.85,38.029,86.599,241.85,1
40,6812,369.27,34.825,87.513,240.16,1
40,6813,492.77,41.736,91.693,241.85,1
40,6813,365.71,35.432,92.273,253.05,1
40,6814,490.92,44.515,91.693,251.12,1
40,6814,354.89,41.482,97.033,263.44,1
40,6815,489.07,47.295,91.693,260.39,1
40,6815,342.8,41.363,101.79,263.56,1
40,6816,483.05,47.295,91.693,262.24,1
40,6816,333.73,46.285,106.55,286.77,1
40,6817,477.03,47.295,91.693,277.07,1
40,6817,328.29,51.206,111.31,297.27,1
40,6818,475.64,50.539,94.009,292.36,1
40,6818,330.51,49.776,116.07,298.7,1
40,6819,474.25,53.782,96.324,289.11,1
40,6819,322.32,55.756,117.48,320.85,1
40,6820,460.82,56.562,108.36,289.11,1
40,6820,301.97,62.583,124.5,330.36,1
40,6821,447.39,59.342,120.41,303.01,1
40,6821,278.88,63.646,136.94,344.72,1
40,6822,439.52,59.805,120.41,316.45,1
40,6822,271.32,75.78,140.23,373.42,1
40,6823,431.64,60.268,120.41,317.84,1
40,6823,272.39,82.071,135.52,373.48,1
40,6824,422.84,66.292,119.94,336.37,1
40,6824,261.2,85.657,144.63,394.84,1
40,6825,414.05,72.315,119.48,354.9,1
40,6826,402.93,74.168,125.5,354.9,1
40,6827,391.82,76.021,131.52,354.9,1
40,6828,392.28,86.214,131.98,380.85,1
40,6829,400.15,96.407,139.86,384.09,1
40,6830,231.35,83.288,106.4,397.21,1
40,6831,234.27,89.892,156.13,390.61,1
40,7091,490.26,79.481,100.34,317.99,1
40,7092,425.8,76.266,148.48,321.56,1
40,7093,421.01,72.636,115.55,331.26,1
40,7094,380.27,75.963,146.3,359.62,1
40,7095,349.51,89.271,158,366.28,1
40,7096,341.73,87.294,144.9,382.77,1
40,7097,318.74,90.784,144.74,380.15,1
40,7125,384.93,85.339,150.73,372.27,1
40,7126,393.15,83.985,143.36,363.4,1
40,7127,407.49,76.324,136.21,355.63,1
40,7128,424.05,65.764,129.57,324.45,1
40,7129,435.92,66.231,123.11,320.39,1
40,7130,432.77,59.784,117.09,296.86,1
40,7131,437.37,55.788,111.35,283.26,1
40,7132,443.72,54.624,105.78,273.89,1
40,7133,455.75,47.461,100.69,256.55,1
40,7134,461.04,45.353,95.899,254.13,1
40,7135,459.56,41.973,91.452,244.8,1
40,7136,458.94,39.063,87.603,226.84,1
40,7137,464.07,37.712,83.837,223.66,1
40,7138,471.78,29.977,80.322,211.43,1
40,7139,475.31,30.405,77.056,205.34,1
40,7140,477.02,28.772,74.04,205.38,1
40,7141,472.68,23.576,74.775,196.05,1
40,7142,476.19,22.792,71.548,190.1,1
40,7143,483.55,24.734,68.435,178.56,1
40,7144,488.37,23.247,65.893,174.62,1
40,7145,491.68,24.535,63.466,170.73,1
40,7146,493.48,20.469,61.413,166.94,1
40,7147,497.39,19.251,59.992,163.25,1
40,7148,499.79,19.101,59.461,159.7,1
40,7149,506.12,17.24,59.465,156.24,1
40,7150,510.95,16.313,56.471,152.83,1
40,7151,516.09,15.421,50.427,144.32,1
40,7152,517.91,13.873,52.237,141.98,1
40,7153,523.36,15.047,54.046,139.64,1
40,7154,532.63,12.41,52.042,137.3,1
40,7287,498.63,44.719,86.04,276.54,1
40,7288,475.73,49.044,86.649,286.34,1
40,7289,457.41,50.508,96.395,296.15,1
40,7290,440.15,53.911,101.86,292.75,1
40,7291,400.39,57.331,128.15,304.76,1
40,7292,392.96,57.253,127.25,317.54,1
40,7293,375.01,57.914,152.47,338.65,1
40,7294,366.03,68.617,155,366.97,1
40,7295,349.56,65.207,139.8,370.38,1
40,7296,324.75,71.1,142.81,395.34,1
40,7516,326.85,69.914,148.93,396.52,1
40,7517,344.1,71.729,143.57,389.47,1
40,7518,361.35,60.739,131.75,347.62,1
40,7519,367.2,56.896,127.25,348.75,1
40,7520,373.04,53.052,122.76,336.26,1
40,7521,378.88,45.415,118.26,307.6,1
40,7522,384.73,45.365,113.76,302.21,1
40,7523,396.76,41.521,103.08,286.31,1
40,7524,396.41,37.677,104.77,274.05,1
40,7525,401.35,37.463,100.27,268.37,1
40,7526,408.1,29.99,95.773,249.53,1
40,7527,412.75,29.206,93.73,244.37,1
40,7528,417.39,28.422,91.688,239.22,1
40,7529,422.03,27.639,89.645,220.12,1
40,7530,422.13,25.04,87.603,221.81,1
40,7531,424.05,21.535,85.56,215.34,1
40,7532,426.88,19.844,83.518,205.23,1
40,7533,432.09,19.4,81.475,200.91,1
40,7534,437.3,18.957,79.433,188.88,1
40,7535,437.97,18.513,77.39,188.41,1
40,7536,438.08,16.255,75.348,184.39,1
40,7537,444.09,15.963,67.046,173.72,1
40,7538,450.1,15.671,65.573,170.3,1
40,7539,456.12,15.379,64.099,164.33,1
40,7540,458.61,14.596,61.55,160.66,1
40,7541,462.29,13.987,59.218,157.14,1
40,7605,480.21,45.959,102.42,281.02,1
40,7606,479.2,43.6,88.227,279.47,1
40,7607,478.05,43.786,73.94,280.19,1
40,7608,474.69,44.345,71.85,280.54,1
40,7609,461.78,40.055,78.41,284.83,1
40,7610,459.1,40.371,82.026,284.51,1
40,7611,453.95,41.651,80.367,287.77,1
40,7612,448.5,47.23,84.745,293.08,1
40,7613,434.52,54.055,90.756,296.24,1
40,7614,424.83,54.558,97.235,294.83,1
40,7615,373.15,56.998,137.84,300.55,1
40,7616,362.26,63.201,130.83,320.66,1
40,7617,357.72,59.517,117.32,334.33,1
40,7618,338.66,60.801,121.19,353.91,1
40,7619,322.78,74.365,131.6,379.37,1
40,7620,314.15,76.133,135.76,396.65,1
40,7621,294.03,78.843,148.91,394.69,1
40,7895,495.22,17.098,50.234,140.4,1
40,7896,491.22,15.324,52.701,147.14,1
40,7897,485.56,16.35,55.076,147.23,1
40,7898,482.12,17.318,57.335,150.86,1
40,7899,473.4,17.381,59.492,154.65,1
40,7900,468.47,17.564,58.927,153.98,1
40,7901,464.81,17.859,63.531,162.83,1
40,7902,464.07,17.962,65.373,167.08,1
40,7903,458.23,17.349,67.128,171.54,1
40,7904,450.81,17.816,68.79,176.18,1
40,7905,445.85,18.454,70.316,180.91,1
40,7906,442.13,19.249,71.76,185.83,1
40,7907,439.46,20.182,73.11,190.92,1
40,7908,437.67,21.162,74.316,196.13,1
40,7909,438.4,19.562,75.444,201.51,1
40,7910,436.56,24.627,76.439,207.04,1
40,7911,435.89,24.18,77.34,212.75,1
40,7912,435.79,26.36,78.071,218.68,1
40,7913,438.14,28.496,78.599,225.24,1
40,7914,446.75,26.997,78.995,232.49,1
40,7915,451.68,32.705,85.787,239.9,1
40,7916,453.95,34.684,85.077,246.92,1
40,7917,460.3,31.073,85.067,253.03,1
40,7918,467.56,38.156,80.794,257.69,1
40,7919,471.04,38.762,92.75,261.43,1
40,7920,465.53,39.971,107.34,271.05,1
40,7921,450.12,47.56,110.21,272.73,1
40,7922,437.61,44.508,105.45,277.15,1
40,7923,431.25,46.322,93.736,290.41,1
40,7924,396.76,48.137,116.52,295.73,1
40,7925,389.49,46.322,88.199,300.15,1
40,7926,352.27,47.23,93.471,298.22,1
40,7927,293.27,48.5,140.86,296.46,1
40,7928,290.54,46.322,113.82,298.16,1
40,7929,271.48,47.23,73.156,317.64,1
40,7943,345.89,72.809,168.88,403.61,1
40,7944,346.01,76.033,179.66,396.75,1
40,7945,363.23,63.899,150.63,356.26,1
40,7946,379.92,53.833,124.86,342.74,1
40,7947,388.66,59.322,120.98,326.18,1
40,7948,401.16,46.79,117.16,295.34,1
40,7949,388.59,45.351,133.66,293.15,1
40,7950,389.43,45.52,125.92,282.09,1
40,7951,408.56,32.342,98.69,259.88,1
40,7952,418.54,36.388,90.245,254.92,1
40,7953,425.8,33.243,84.281,242.92,1
40,7954,425.99,25.799,95.13,232.85,1
40,7955,418.18,30.229,103.85,228.42,1
40,7956,427.17,25.453,89.418,212.33,1
40,7957,438.51,22.084,77.212,204.8,1
40,7958,443.81,26.114,74.971,198.1,1
40,7959,455.42,20.188,72.766,191.57,1
40,7960,453.04,18.772,80.794,185.46,1
40,7961,453.04,21.097,81.867,184.92,1
40,7962,460.18,15.987,76.042,177.72,1
40,7963,467.06,15.047,65.862,171.01,1
40,7964,473.67,16.954,64.765,164.85,1
40,7965,479.82,13.657,64,159.7,1
40,7966,477.55,15.214,71.076,155.62,1
40,7967,478.08,15.18,69.513,152.73,1
40,7968,479.66,15.078,68.082,146.17,1
40,7969,482.27,14.915,66.786,142.08,1
40,8028,407.1,84.777,138.26,364.3,1
40,8028,242.02,75.642,132.19,377.99,1
40,8029,406.58,78.775,138.79,365.75,1
40,8029,255.26,72.758,129.88,377.23,1
40,8030,412.71,73.274,131.16,363.96,1
40,8030,273.04,70.785,127.58,369.18,1
40,8031,418.97,68.265,124.46,328.97,1
40,8031,293.55,65.168,125.27,341.1,1
40,8032,425.35,63.776,119.04,328.83,1
40,8032,302.84,62.891,122.96,342.47,1
40,8033,431.82,59.837,115.22,316.37,1
40,8033,312.12,60.614,120.66,346.57,1
40,8034,438.39,56.478,113.35,291.81,1
40,8034,321.41,58.337,118.35,322.43,1
40,8035,445.03,53.239,112.73,293.83,1
40,8035,331.52,52.69,110.98,311.68,1
40,8036,448.18,55.893,109.02,285.71,1
40,8036,341.62,52.103,114.83,313.18,1
40,8037,458.88,49.229,111.98,274.16,1
40,8037,352.64,48.783,118.68,302.84,1
40,8038,473.46,45.605,111.58,268.91,1
40,8038,369.66,48.587,115.49,285.73,1
40,8039,479.07,46.653,111.2,263.78,1
40,8039,378.46,48.39,112.28,289.57,1
40,8040,496.2,43.381,94.893,258.79,1
40,8040,401.52,47.283,94.68,284.85,1
40,8041,413.13,41.849,90.356,280.12,1
40,8042,420.19,44.612,89.673,275.4,1
40,8043,420.88,46.148,113.56,270.41,1
40,8044,422.46,47.407,145.66,265.96,1
40,8051,495.29,33.719,63.87,141.2,1
40,8052,497.42,34.942,60.181,146.05,1
40,8053,499.54,36.165,56.491,150.9,1
40,8054,501.67,37.388,52.802,155.75,1
40,8055,496.84,42.58,55.169,162.85,1
40,8056,488.09,43.688,59.892,166.78,1
40,8057,482.78,45.418,64.149,171.62,1
40,8058,480.05,47.441,67.644,176.99,1
40,8059,479.05,50.026,70.603,183.21,1
40,8060,478.91,53.054,72.649,190.18,1
40,8061,483.04,57.427,73.776,200.02,1
40,8062,493.11,63.008,78.655,212.14,1
40,8063,505.64,63.802,83.422,226.76,1
40,8064,517.14,71.088,76.472,226.79,1
40,8114,259.81,48.318,103.62,308.48,1
40,8115,267.7,52.831,145.03,299.92,1
40,8116,305.97,52.566,109.21,292.36,1
40,8117,352.57,46.496,113.75,304.12,1
40,8118,360.04,46.496,117.6,303.56,1
40,8119,406.02,41.942,88.359,284.41,1
40,8120,420.28,46.269,123.29,278.86,1
40,8121,428.9,45.984,125.01,271.41,1
40,8122,461.61,45.585,125.63,268.69,1
40,8123,475.48,43.391,125.63,268.69,1
40,8194,472.57,16.439,76.437,149.9,1
40,8197,465.24,16.83,69.201,164.1,1
40,8199,445.22,15.528,84.666,178.52,1
40,8200,437.76,17.168,85.94,187.35,1
40,8201,439.4,16.075,77.747,187.99,1
40,8202,430.79,18.056,80.205,195.12,1
40,8203,428.84,20.037,76.017,203.16,1
40,8204,413.59,17.464,85.121,206.64,1
40,8205,406.1,19.587,94.658,219.29,1
40,8212,426.1,82.018,146.57,398.48,1
40,8213,318.68,47.942,125.36,305.63,1
40,8213,435.03,77.919,141.75,359.32,1
40,8214,313.22,56.515,116.53,319.7,1
40,8214,434.84,63.802,136.92,351.68,1
40,8215,289.11,54.282,132.45,322.84,1
40,8215,444.9,60.955,132.1,339.94,1
40,8216,272.76,68.253,156.63,366.25,1
40,8216,464.34,53.555,110.61,298.98,1
40,8217,268.2,76.007,163.37,377.62,1
40,8217,472.84,51.468,108.56,292.11,1
40,8218,262.75,72.504,156.08,390.23,1
40,8218,475.87,47.559,106.51,268.54,1
40,8219,480.73,41.828,104.47,264.25,1
40,8220,492.26,41.563,102.42,262.09,1
40,8329,271.48,70.177,175.57,396.2,1
40,8330,267.79,65.016,173.79,401.37,1
40,8331,264.1,66.231,158.36,372.83,1
40,8332,260.41,54.694,142.93,344.29,1
40,8333,253.16,50.315,142.93,350.49,1
40,8334,267.7,43.722,116.73,330.67,1
40,8372,506.22,65.988,88.307,256.15,1
40,8373,497.11,65.623,89.757,264.66,1
40,8374,462.73,72.387,115.89,261.02,1
40,8375,437.03,77.464,130.18,273.24,1
40,8376,443.4,68.356,114.33,294.18,1
40,8377,419.23,76.655,120.99,303.14,1
40,8378,403.71,87.396,128.07,320.69,1
40,8379,386.96,87.483,135.65,324.25,1
40,8380,369,93.303,143.69,344.84,1
40,8381,362.38,99.369,139.7,370.66,1
40,8382,329.6,105.7,161.14,364.33,1
40,8595,260.41,42.341,168.12,311.11,1
40,8596,340.53,41.239,107.38,309.2,1
40,8597,359.09,45.935,127.1,305.1,1
40,8598,378.76,40.12,118.35,297.84,1
40,8599,402.43,36.477,120.11,281.24,1
40,8600,421.55,40.12,140.2,270.51,1
40,8601,441.57,41.593,148.4,266.09,1
40,8602,464.31,40.065,128,262.48,1
40,9054,491.03,44.284,98.4,253.86,1
40,9055,480.1,42.816,95.791,250.78,1
40,9056,462.52,41.116,100.56,247.53,1
40,9057,458.88,39.21,92.859,244.1,1
40,9058,448.59,37.075,92.859,232.57,1
40,9059,438.47,34.684,92.859,236.71,1
40,9060,428.54,32.051,98.614,232.75,1
40,9061,418.82,29.191,92.859,228.61,1
40,9062,407.64,27.239,90.778,227.05,1
40,9063,404.95,27.412,88.697,225.49,1
40,9064,402.26,27.586,86.617,223.93,1
40,9065,399.57,27.759,84.536,222.37,1
40,9066,396.89,27.933,82.455,220.81,1
40,9067,394.2,28.106,80.374,219.25,1
40,9068,391.51,28.28,78.293,217.69,1
40,9069,391.51,28.28,78.293,217.69,1
40,9070,391.51,28.28,78.293,217.69,1
40,9071,391.51,28.28,78.293,217.69,1
40,9072,391.51,28.28,78.293,217.69,1
40,9073,391.51,28.28,78.293,217.69,1
40,9074,391.51,28.28,78.293,217.69,1
40,9075,391.51,28.28,78.293,217.69,1
40,9076,391.51,28.28,78.293,217.69,1
40,9077,391.51,28.28,78.293,217.69,1
40,9078,391.51,28.28,78.293,217.69,1
40,9079,391.51,28.28,78.293,217.69,1
40,9080,391.51,28.28,78.293,217.69,1
40,9081,391.51,28.28,78.293,217.69,1
40,9082,391.51,28.28,78.293,217.69,1
40,9083,391.51,28.28,78.293,217.69,1
40,9084,391.51,28.28,78.293,217.69,1
40,9085,391.51,28.28,78.293,217.69,1
40,9086,391.51,28.28,78.293,217.69,1
40,9087,391.51,28.28,78.293,217.69,1
40,9087,489.18,15.008,57.094,141.7,1
40,9088,391.51,28.28,78.293,217.69,1
40,9088,479.43,15.398,59.11,146.77,1
40,9089,391.51,28.28,78.293,217.69,1
40,9089,476.96,14.878,61.126,151.85,1
40,9090,388.52,28.02,78.293,217.69,1
40,9090,477.67,16.862,63.142,156.92,1
40,9091,385.53,27.759,78.293,217.69,1
40,9091,478.39,18.846,65.157,162,1
40,9092,382.54,27.499,78.293,217.69,1
40,9092,479.1,20.831,67.173,167.07,1
40,9093,379.54,27.239,78.293,217.69,1
40,9093,479.82,22.815,69.189,172.14,1
40,9094,378.08,27.142,78.293,217.69,1
40,9094,478.39,24.507,70.62,174.1,1
40,9095,476.96,26.198,72.05,184.38,1
40,9096,475.53,27.89,73.481,190.49,1
40,9097,474.09,29.581,86.747,196.61,1
40,9098,472.66,31.273,84.232,202.72,1
40,9099,471.23,32.964,81.718,201.16,1
40,9100,469.8,34.656,79.203,214.95,1
40,9101,461.61,36.998,85.706,224.84,1
40,9102,458.88,36.607,100.14,234.73,1
40,9103,449.59,39.496,105.06,244.62,1
40,9104,440.31,42.385,109.97,243.66,1
40,9105,440.67,45.273,105.24,264.4,1
40,9106,444.31,48.162,97.229,274.29,1
40,9107,427.93,51.05,109.25,284.17,1
40,9108,410.63,56.255,117.7,299.27,1
40,9109,396.97,61.46,122.51,302,1
40,9110,385.14,66.664,125.5,333.23,1
40,9111,378.76,71.869,123.03,347.38,1
40,9112,354.79,77.074,138.16,361.53,1
40,9113,330.82,82.278,153.29,391.39,1
40,9114,306.84,87.483,168.42,389.83,1
40,9187,298.52,92.818,149.17,358.46,1
40,9188,299.64,88.836,146.49,354.78,1
40,9189,309.58,84.855,125.18,339.17,1
40,9190,323.23,76.319,100.14,315.38,1
40,9191,313.67,74.614,98.321,303.87,1
40,9192,304.11,72.91,96.501,292.37,1
40,9193,303.46,71.218,88.047,291.46,1
40,9194,299.56,62.891,86.486,297.19,1
40,9195,299.56,62.527,96.501,294.95,1
40,9196,299.56,62.162,106.51,292.71,1
40,9197,299.56,61.798,116.53,290.47,1
40,9198,299.56,61.434,126.54,288.23,1
40,9199,299.56,61.069,136.56,286,1
40,9200,301.9,60.939,138.9,283.52,1
40,9201,304.24,60.809,141.24,281.05,1
40,9202,306.58,60.679,143.58,278.58,1
40,9203,308.93,60.549,145.92,285.61,1
40,9204,305.02,60.419,154.51,279.97,1
40,9205,310.49,60.289,153.72,274.33,1
40,9206,315.95,60.158,152.94,268.69,1
40,9207,362.38,60.028,114.45,268.69,1
40,9208,392.42,58.077,91.125,268.69,1
40,9209,418.82,58.311,85.645,268.69,1
40,9210,421.1,56.723,117.89,268.69,1
40,9211,430.66,58.779,130.18,268.69,1
40,9212,436.57,59.013,147.03,268.69,1
40,9213,442.49,59.248,145.66,268.69,1
40,9214,444.31,59.378,137.73,259.71,1
40,9215,446.13,54.043,135.65,242.93,1
40,9216,447.95,55.995,126.54,235.51,1
40,9217,459.79,50.66,90.128,238.11,1
40,9218,458.27,47.45,90.128,217.64,1
40,9219,459.49,45.152,90.128,216.6,1
40,9220,455.24,41.031,90.128,205.84,1
40,9221,455.63,39.08,87.397,200.25,1
40,9222,456.02,37.128,84.666,194.65,1
40,9223,456.41,35.176,81.935,189.06,1
40,9224,461.61,33.224,74.391,183.46,1
40,9225,460.4,31.273,73.264,177.87,1
40,9226,459.18,29.321,72.137,172.27,1
40,9227,457.97,27.369,71.01,166.68,1
40,9228,461.35,25.808,68.799,162.52,1
40,9229,464.73,24.246,66.588,158.35,1
40,9230,468.11,22.685,64.377,154.19,1
40,9231,466.03,18.391,62.166,150.02,1
40,9232,471.23,17.74,59.955,145.86,1
40,9233,476.44,17.09,57.744,141.7,1
40,9234,481.64,16.439,55.533,137.53,1
40,9235,483.85,16.569,53.192,135.32,1
40,9236,488.34,13.967,50.851,133.11,1
40,9237,491.65,14.644,58.421,130.9,1
40,9238,502.58,15.32,58.382,128.69,1
40,9253,311.2,80.717,148.98,364.72,1
40,9254,319.2,76.683,144.56,373.3,1
40,9255,323.56,72.65,140.13,359.3,1
40,9256,327,64.973,135.71,335.83,1
40,9257,337.73,62.154,131.29,333.19,1
40,9258,348.46,59.334,126.87,322.34,1
40,9259,359.19,56.515,122.45,303.3,1
40,9260,367.32,54.303,118.87,296.54,1
40,9261,370.9,52.091,115.29,289.77,1
40,9262,373.3,48.968,121.99,275.33,1
40,9263,384,46.984,115.85,270.48,1
40,9264,394.7,45,109.7,265.63,1
40,9265,405.39,43.016,103.56,260.79,1
40,9266,416.09,41.031,97.411,255.94,1
40,9267,414.14,39.34,95.46,249.69,1
40,9268,420.38,35.827,93.509,243.45,1
40,9269,429.36,35.957,91.559,237.2,1
40,9270,438.33,30.622,89.608,230.96,1
40,9271,442.75,32.574,87.657,224.71,1
40,9272,447.17,29.971,85.706,218.47,1
40,9273,447.04,29.191,83.755,212.22,1
40,9274,452.12,28.54,82.975,208.32,1
40,9275,457.19,27.89,82.195,204.41,1
40,9276,468.63,27.239,81.414,200.51,1
40,9277,476.44,26.588,80.634,196.61,1
40,9278,478.47,25.938,79.854,192.7,1
40,9279,480.51,25.287,79.073,188.8,1
40,9280,482.55,24.637,78.293,184.9,1
40,9281,486.19,24.246,76.992,183.72,1
40,9282,489.83,23.856,75.692,182.55,1
40,9283,500.76,23.466,67.108,181.38,1
40,9284,508.04,21.254,67.629,180.21,1
40,9285,508.04,21.47,68.149,179.04,1
40,9286,508.04,21.687,68.669,177.87,1
40,9287,508.04,21.904,69.189,176.7,1
40,9288,507.26,21.514,67.629,176.44,1
40,9289,506.48,21.123,66.068,176.18,1
40,9290,505.7,20.733,64.507,175.92,1
40,9291,504.92,20.343,62.947,175.66,1
40,9292,504.14,19.952,61.386,175.4,1
40,9293,503.36,19.562,59.825,175.14,1
40,9294,502.58,19.172,58.265,174.88,1
40,9295,501.8,19.432,58.265,174.88,1
40,9296,501.02,19.692,58.265,174.88,1
40,9297,500.24,19.952,58.265,174.88,1
40,9298,499.46,20.213,58.265,174.88,1
40,9299,498.68,20.473,58.265,174.88,1
40,9300,497.89,20.733,58.265,174.88,1
40,9301,497.11,20.993,54.623,174.88,1
40,9302,497.11,21.254,51.892,175.66,1
40,9303,497.11,21.514,50.071,176.44,1
40,9304,497.11,21.774,50.071,177.22,1
40,9305,497.11,22.034,53.713,178,1
40,9306,497.11,22.295,58.872,178.78,1
40,9307,497.11,22.555,64.03,179.56,1
40,9308,497.11,22.815,69.189,180.34,1
40,9309,499.98,22.815,69.189,181.38,1
40,9310,492.22,22.815,69.189,182.42,1
40,9311,484.46,22.815,69.189,183.46,1
40,9312,476.7,22.815,69.189,184.51,1
40,9313,476.18,22.815,61.949,185.55,1
40,9314,464.8,22.815,65.569,186.59,1
40,9315,453.42,22.815,69.189,187.63,1
40,9316,448.73,23.075,69.189,187.63,1
40,9317,444.05,23.335,69.189,187.63,1
40,9318,439.37,23.596,69.189,187.63,1
40,9319,427.41,23.856,69.189,187.63,1
40,9320,425.45,23.205,69.189,187.63,1
40,9321,425.32,24.376,69.189,187.63,1
40,9322,420.64,24.637,69.189,187.63,1
40,9323,420.77,24.897,70.88,192.44,1
40,9324,420.9,25.157,72.571,197.26,1
40,9325,421.03,25.417,74.261,202.07,1
40,9330,301.9,76.943,183.12,403.56,1
40,9331,311.27,76.683,165.82,399.72,1
40,9332,316.18,78.366,165.28,398.95,1
40,9333,340.6,72.703,157,384.3,1
40,9334,357.18,68.861,151.37,374.36,1
40,9335,363.29,67.445,149.3,370.7,1
40,9336,363.29,67.445,149.3,370.7,1
40,9337,355.09,66.014,146.44,362.76,1
40,9338,346.9,56.385,143.58,354.83,1
40,9339,354,55.318,140.72,338.2,1
40,9340,353.82,56.073,137.86,332.43,1
40,9341,363.35,54.399,135,338.21,1
40,9342,372.88,52.724,132.14,326.67,1
40,9343,382.41,51.05,129.27,315.14,1
40,9344,386.18,51.441,127.58,312.8,1
40,9345,388.13,51.831,125.89,310.46,1
40,9346,387.53,50.946,124.2,308.12,1
40,9347,380.1,50.061,122.51,305.77,1
40,9348,372.68,49.177,120.82,312.46,1
40,9349,365.25,48.292,119.13,305.6,1
40,9350,357.83,47.407,117.44,298.75,1
40,9351,358.74,47.147,120.04,298.75,1
40,9352,359.65,46.887,122.64,298.75,1
40,9353,369.66,46.626,125.24,298.75,1
40,9354,368.3,46.366,127.84,298.75,1
40,9355,366.93,46.106,130.45,298.75,1
40,9356,369.21,43.113,109.7,298.75,1
40,9357,364.2,45.585,135.65,298.75,1
40,9358,357.83,45.585,142.02,297.06,1
40,9359,358.89,45.585,192.85,295.36,1
40,9360,359.95,45.585,146.27,293.67,1
40,9361,355.55,43.764,127,291.98,1
40,9362,350.54,44.371,137.77,290.29,1
40,9363,357.37,44.978,123.36,288.6,1
40,9364,364.2,45.585,125.63,286.91,1
40,9365,379.28,45.455,124.33,285.09,1
40,9366,394.37,45.325,123.03,283.26,1
40,9367,409.46,45.195,112.24,281.44,1
40,9368,424.54,45.065,97.151,279.62,1
40,9369,439.63,44.935,105.73,277.8,1
40,9375,507.65,19.302,59.045,143.65,1
40,9376,502.97,19.952,62.947,146.9,1
40,9377,498.29,20.603,66.848,150.15,1
40,9378,493.6,21.254,70.75,153.41,1
40,9379,488.92,21.904,74.651,156.66,1
40,9380,485.93,22.425,74.651,159.91,1
40,9381,482.94,22.945,74.651,163.17,1
40,9382,479.95,23.466,74.651,166.42,1
40,9383,476.96,23.986,74.651,169.67,1
40,9384,473.96,24.507,74.651,172.92,1
40,9385,470.97,25.027,74.651,176.18,1
40,9386,467.98,25.547,74.651,179.43,1
40,9387,463.3,28.54,77.383,183.33,1
40,9388,458.62,31.533,80.114,187.24,1
40,9389,453.94,27.369,82.845,191.27,1
40,9390,456.54,33.062,85.576,195.14,1
40,9391,449.43,37.54,88.307,199.01,1
40,9392,435.95,36.553,91.038,202.88,1
40,9393,435.21,46.496,93.77,206.76,1
40,9394,443.27,47.797,94.94,211.44,1
40,9395,451.34,49.099,108.6,216.12,1
40,9542,344.17,76.462,143.61,385.37,1
40,9543,356,78.314,137.01,382.6,1
40,9544,367.84,67.87,130.41,359.8,1
40,9545,379.67,57.426,123.81,337,1
40,9546,392.94,58.077,120.82,330.89,1
40,9547,418.82,55.539,99.904,309.74,1
40,9548,423.19,53.002,100.5,294.97,1
40,9549,427.56,50.465,101.09,293.32,1
40,9550,419.19,48.838,101.69,285.11,1
40,9551,425.38,45.39,102.28,276.9,1
40,9552,440.67,42.853,102.87,268.69,1
40,9553,442.49,43.504,111.85,266.74,1
40,9554,453.57,44.154,111.57,264.79,1
40,9695,374.67,25.131,78.56,203.76,1
40,9696,376.03,26.484,85.576,201.26,1
40,9697,377.4,27.837,122.45,206.29,1
40,9698,378.76,29.191,131.1,211.31,1
40,9699,382.15,31.273,118.61,220.16,1
40,9700,394.63,26.979,100.66,224.45,1
40,9701,404.26,30.336,95.408,234.21,1
40,9702,408.81,33.693,95.226,243.97,1
40,9703,406.68,37.05,106.82,253.73,1
40,9704,404.56,40.407,110.76,253.83,1
40,9705,402.43,43.764,114.71,273.24,1
40,9706,410.65,40.145,110.13,277.77,1
40,9707,416.66,45.787,111.41,285.79,1
40,9708,422.66,51.429,123.16,298.6,1
40,9709,427.42,58.748,139.82,307.44,1
40,9710,433.52,64.781,153.03,309.61,1
40,9711,440.67,68.356,158.41,337,1
40,9794,464.99,28.28,116.98,291.07,1
40,9795,399.7,28.462,149.19,298.62,1
40,9796,389.69,28.644,126.11,295.65,1
40,9797,375.12,23.726,96.501,315.45,1
40,9798,315.95,25.904,131.35,324.77,1
40,9799,299.56,29.191,116.98,328.8,1
