19,308,185.73,126.26,108.36,317.97,1
19,309,203.34,123.16,132.06,305.48,1
19,310,217.56,123.55,123.94,302.37,1
19,311,227.72,118.13,109.55,288.14,1
19,312,229.07,114.74,106.33,283.19,1
19,313,233.81,116.09,109.71,268.66,1
19,314,239.91,108.64,104.3,252.88,1
19,315,237.88,108.76,96.169,246.65,1
19,316,236.52,106.19,88.72,245.83,1
19,317,234.49,101.18,82.624,229.15,1
19,318,230.43,101.45,90.751,224.14,1
19,319,229.07,100.21,90.751,223.34,1
19,320,230.43,95.076,77.206,206.1,1
19,321,227.04,95.754,73.82,201.68,1
19,322,222.3,95.936,67.725,193.29,1
19,323,215.53,89.653,73.82,191.94,1
19,324,210.63,92.692,79.395,186.79,1
19,325,210.79,87.619,73.143,180.39,1
19,326,208.08,84.907,67.048,177.13,1
19,327,206.72,87.417,58.479,169.18,1
19,328,201.3,85.585,61.63,166.1,1
19,329,199.58,83.551,63.35,163.93,1
19,330,197.33,83.252,60.27,161.11,1
19,331,194.44,83.116,54.551,157.75,1
19,332,190.47,82.873,51.471,153.9,1
19,333,181.36,81.876,51.102,148.42,1
19,334,172.86,80.839,56.889,143.73,1
19,335,169.56,80.44,56.799,141.54,1
19,336,166.92,80.179,55.376,139.94,1
19,337,164.98,79.983,51.563,138.69,1
19,343,167.47,76.964,47.537,131.04,1
19,344,169.47,76.771,48.085,129.49,1
19,345,171.9,76.781,48.016,127.8,1
19,346,169.47,76.831,50.116,125.96,1
19,347,174.89,74.737,41.989,125.42,1
19,348,182.92,77.179,36.67,120.27,1
19,590,177.6,74.059,39.958,118.49,1
19,591,172.86,76.093,41.989,124.07,1
19,592,170.83,75.415,40.635,122.71,1
19,593,168.12,74.059,41.312,125.42,1
19,594,166.76,74.059,41.989,128.14,1
19,595,167.44,74.059,37.249,127.46,1
19,596,166.76,74.059,39.958,126.78,1
19,597,167.15,74.059,39.958,125.85,1
19,598,167.61,74.059,39.958,125.17,1
19,599,168.12,74.059,39.958,124.75,1
19,600,168.73,74.099,39.666,124.55,1
19,601,174.21,74.213,42.667,124.59,1
19,660,176.25,76.093,41.312,125.24,1
19,661,171.51,76.279,42.667,127.58,1
19,662,167.44,76.604,42.667,129.5,1
19,663,168.8,80.839,44.013,127.19,1
19,664,170.15,77.575,47.267,132.04,1
19,665,164.57,78.17,51.805,132.67,1
19,794,272.42,126.94,136.13,347.8,1
19,795,272.42,121.52,130.71,334.92,1
19,796,272.42,122.87,124.61,325.42,1
19,797,277.16,115.42,113.1,301.02,1
19,798,286.64,113.38,105.65,298.98,1
19,799,296.8,114.74,110.39,290.85,1
19,1207,314.4,112.03,96.847,265.76,1
19,1208,297.47,111.35,104.3,283.39,1
19,1209,290.02,117.45,104.97,293.56,1
19,1210,292.73,117.45,100.23,297.63,1
19,1211,289.35,120.84,109.71,311.86,1
19,1212,285.28,127.62,115.13,331.53,1
19,1213,283.25,127.62,120.55,334.24,1
19,1214,283.25,137.11,117.16,343.39,1
19,1366,330.66,121.52,85.333,249.49,1
19,1367,288.67,122.87,110.39,258.98,1
19,1368,292.06,124.23,92.106,267.12,1
19,1369,271.06,125.58,108.36,268.47,1
19,1370,258.19,130.33,108.36,290.85,1
19,1371,252.78,130.33,109.71,303.73,1
19,1372,243.97,130.33,111.07,315.93,1
19,1373,236.52,143.21,113.1,330.85,1
19,1374,226.36,145.25,123.26,335.25,1
19,1434,298.83,122.87,113.1,338.98,1
19,1435,293.41,120.16,111.75,326.78,1
19,1436,283.25,120.84,112.42,320.68,1
19,1437,275.12,115.42,111.75,305.08,1
19,1438,277.16,112.03,107.68,300.34,1
19,1439,292.06,115.42,99.556,290.17,1
19,1440,300.18,112.03,107.68,277.29,1
19,1441,323.21,112.03,94.138,272.54,1
19,1512,264.77,156.29,114.83,324.21,1
19,1513,269.84,156.29,118.21,324.21,1
19,1514,281.66,151.24,123.27,329.26,1
19,1515,299.01,149.55,100.3,313.29,1
19,1516,296.14,148.89,108.79,314.91,1
19,1517,296.14,146.03,108.79,317.77,1
19,1518,296.14,146.03,106.03,317.77,1
19,1519,296.14,146.03,106.03,317.77,1
19,1520,296.14,146.03,106.03,317.77,1
19,1521,289.46,146.03,105.07,317.77,1
19,1522,286.59,146.03,103.16,317.77,1
19,1523,281.81,146.03,107.94,313,1
19,1524,281.81,146.03,107.94,313,1
19,1525,281.81,146.03,107.94,313,1
19,1526,290.41,146.03,110.81,309.18,1
19,1527,300.92,146.03,107.94,309.18,1
19,1528,308.56,146.03,111.76,302.5,1
19,1529,312.38,146.03,115.58,302.5,1
19,1530,312.38,146.03,118.45,305.37,1
19,1531,312.38,146.03,118.45,305.37,1
19,1532,312.38,144.12,113.67,303.46,1
19,1533,307.6,141.26,113.67,306.32,1
19,1534,300.92,141.26,110.81,311.09,1
19,1535,293.28,141.26,112.72,311.09,1
19,1536,288.5,141.26,112.72,311.09,1
19,1537,283.72,144.12,111.76,311.09,1
19,1538,283.72,145.4,111.67,308.54,1
19,1539,283.72,146.31,111.36,306.72,1
19,1540,283.72,146.78,110.78,305.78,1
19,1541,289.46,146.92,104.42,305.49,1
19,1542,295.19,146.98,98.388,305.37,1
19,1543,295.19,146.98,98.388,305.37,1
19,1544,295.19,142.21,98.388,310.14,1
19,1545,295.19,142.21,93.612,310.14,1
19,1546,293.21,142.21,92.718,310.14,1
19,1547,291.23,142.21,94.703,310.14,1
19,1548,289.35,142.21,95.623,310.14,1
19,1549,287.74,142.21,98.191,310.14,1
19,1550,286.5,142.21,100.39,310.14,1
19,1551,285.63,142.21,100.3,310.14,1
19,1552,285.13,142.21,99.846,310.14,1
19,1553,284.65,142.21,102.23,310.14,1
19,1554,284.2,142.21,100.77,310.14,1
19,1555,283.78,142.21,101.2,312.05,1
19,1556,283.39,142.21,100.64,310.14,1
19,1557,283.02,142.21,101.96,317.77,1
19,1558,282.68,142.21,97.522,313,1
19,1559,282.37,142.21,100.7,310.14,1
19,1560,282.08,142.21,100.98,310.14,1
19,1561,281.83,142.21,100.28,316.82,1
19,1562,281.6,142.21,97.642,310.14,1
19,1563,281.41,142.21,102.61,310.14,1
19,1564,281.24,142.21,101.83,310.14,1
19,1565,281.1,142.21,100.05,310.14,1
19,1566,281.01,142.21,100.06,310.14,1
19,1567,280.94,142.21,100.08,310.14,1
19,1568,280.88,142.21,100.16,310.14,1
19,1569,280.86,142.21,100.3,310.14,1
19,1570,277.04,142.21,104.12,310.14,1
19,1571,275.13,142.21,106.03,310.14,1
19,1572,289.46,142.21,98.388,310.14,1
19,1573,288.5,142.21,97.433,310.14,1
19,1574,287.54,142.21,95.522,310.14,1
19,1575,280.86,142.21,105.07,310.14,1
19,1576,280.86,142.21,105.07,310.14,1
19,1577,274.17,142.21,110.81,313,1
19,1578,269.4,142.21,114.63,310.14,1
19,1579,263.66,142.21,117.49,311.09,1
19,1580,260.8,142.21,120.36,310.14,1
19,1581,274.17,142.21,106.99,310.14,1
19,1582,277.99,142.21,103.16,310.14,1
19,1583,280.86,142.21,100.3,310.14,1
19,1584,280.86,142.21,100.3,310.14,1
19,1585,280.86,142.21,100.3,310.14,1
19,1586,277.99,142.21,103.16,310.14,1
19,1587,275.13,142.21,106.03,310.14,1
19,1588,275.13,142.21,106.03,310.14,1
19,1589,275.13,142.21,106.03,310.14,1
19,1590,275.13,142.21,106.03,310.14,1
19,1591,275.13,142.21,106.03,310.14,1
19,1592,275.13,142.21,106.03,310.14,1
19,1593,275.13,142.21,106.03,310.14,1
19,1594,275.13,142.21,106.03,310.14,1
19,1595,275.13,142.21,106.03,310.14,1
19,1596,285.04,142.21,96.118,310.14,1
19,1597,275.13,142.21,106.03,310.14,1
19,1598,279.9,142.21,101.25,313.96,1
19,1599,275.13,142.21,106.03,310.14,1
19,1600,265.57,142.21,115.58,310.14,1
19,1601,261.75,142.21,119.4,310.14,1
19,1602,268.44,142.21,112.72,310.14,1
19,1603,266.53,142.21,114.63,310.14,1
19,1604,275.13,142.21,106.03,310.14,1
19,1605,275.13,142.21,111.76,310.14,1
19,1606,268.15,142.21,123.27,310.14,1
19,1607,267.94,142.21,123.21,310.14,1
19,1608,263.66,142.21,127.23,310.14,1
19,1609,261.75,142.21,128.87,310.14,1
19,1610,263.66,142.21,126.69,310.14,1
19,1611,265.57,142.21,124.51,310.14,1
19,1612,266.91,142.21,122.92,310.14,1
19,1613,266.7,142.21,122.86,310.14,1
19,1614,266.49,142.21,122.8,310.14,1
19,1615,266.28,142.21,122.74,310.14,1
19,1616,266.07,142.21,122.68,310.14,1
19,1617,265.87,142.21,122.62,310.14,1
19,1618,265.66,142.21,122.56,310.14,1
19,1619,265.45,142.21,122.5,310.14,1
19,1620,265.24,142.21,122.45,310.14,1
19,1621,265.03,142.21,122.39,310.14,1
19,1622,264.83,142.21,122.33,310.14,1
19,1623,264.62,142.21,122.27,310.14,1
19,1624,264.62,142.21,122.27,310.14,1
19,1625,269.4,142.21,117.49,310.14,1
19,1626,275.13,142.21,111.76,310.14,1
19,1627,281.81,142.21,110.81,312.05,1
19,1628,281.81,148.89,113.67,305.37,1
19,1629,289.46,148.89,107.94,305.37,1
19,1630,191.07,138.39,104.12,297.73,1
19,1630,299.96,149.13,108.9,306.2,1
19,1631,191.07,138.39,104.12,297.73,1
19,1631,312.38,145.07,98.248,311.24,1
19,1632,191.07,138.39,106.03,297.73,1
19,1632,315.25,145.07,105.07,312.13,1
19,1633,191.07,138.39,106.03,297.73,1
19,1633,327.66,144.12,105.07,313.89,1
19,1634,191.07,135.53,106.03,292.01,1
19,1634,340.08,144.12,95.522,314.61,1
19,1635,191.07,135.53,106.03,292.01,1
19,1635,354.41,143.16,83.104,318.73,1
19,1636,181.51,130.76,106.99,296.78,1
19,1636,363.96,145.07,76.418,317.77,1
19,1637,362.05,146.03,83.104,317.77,1
19,1638,360.14,146.98,90.746,316.82,1
19,1639,360.13,147.74,97.441,316.81,1
19,1640,360.1,148.39,100.34,316.76,1
19,1641,360.04,148.95,99.446,316.68,1
19,1642,359.93,146.03,99.552,319.95,1
19,1642,182.05,143.16,92.764,337.34,1
19,1643,359.78,146.03,96.844,320.16,1
19,1643,195.84,134.58,101.73,345.92,1
19,1644,359.56,145.07,97.064,321.2,1
19,1644,221.63,131.75,91.701,337.77,1
19,1645,359.26,146.98,104.04,319.26,1
19,1645,242.65,129.16,89.791,321.29,1
19,1646,358.89,148.89,102.5,317.2,1
19,1646,254.11,133.62,104.36,307.28,1
19,1647,358.43,150.62,109.65,315.19,1
19,1647,270.35,125.57,99.813,295.29,1
19,1648,363.96,150.71,109.85,314.73,1
19,1648,277.99,125.99,99.343,291.05,1
19,1649,364.92,150.76,110.81,314.18,1
19,1649,186.29,130.52,125.37,311.57,1
19,1650,365.87,150.79,107.94,313.56,1
19,1650,204.44,128.37,153.79,312.52,1
19,1651,164.32,130.76,93.612,288.79,1
19,1651,355.47,150.8,111.65,312.85,1
19,1651,235.96,126.23,127.76,307.99,1
19,1652,160.5,130.76,100.3,289.18,1
19,1652,354.41,150.8,98.388,312.05,1
19,1653,171.01,130.76,92.657,283.42,1
19,1653,345.81,146.98,108.9,313,1
19,1654,172.92,130.76,91.701,290.1,1
19,1654,339.13,146.98,110.81,319.68,1
19,1655,176.74,130.76,92.657,290.57,1
19,1655,339.13,146.98,103.16,319.68,1
19,1656,185.58,130.76,91.734,291.02,1
19,1656,339.13,146.98,103.16,319.68,1
19,1657,186.29,130.76,91.701,291.41,1
19,1657,339.13,146.98,103.16,319.68,1
19,1658,186.43,130.76,94.426,291.77,1
19,1658,339.13,146.98,102.37,319.68,1
19,1659,191.07,130.76,95.522,292.13,1
19,1659,339.13,146.98,107.94,319.68,1
19,1660,190.11,130.76,99.343,286.28,1
19,1660,339.13,146.98,107.94,319.68,1
19,1661,191.07,130.76,98.388,288.19,1
19,1661,339.13,146.98,106.99,319.68,1
19,1662,186.88,130.76,103.53,283.42,1
19,1662,339.13,146.98,99.184,319.68,1
19,1663,193.93,130.76,95.522,285.33,1
19,1663,339.13,146.98,98.388,319.68,1
19,1664,191.07,130.76,98.388,285.33,1
19,1664,339.13,146.98,92.657,319.68,1
19,1665,191.07,130.76,100.3,289.15,1
19,1665,339.13,146.98,92.657,319.68,1
19,1666,191.07,130.76,101.25,286.28,1
19,1666,339.13,146.98,96,319.68,1
19,1667,192.98,130.76,101.25,288.19,1
19,1667,339.13,146.98,95.204,319.68,1
19,1668,191.07,130.76,106.03,288.19,1
19,1668,339.13,146.98,94.408,319.68,1
19,1669,193.93,130.76,100.3,288.19,1
19,1669,339.13,146.98,93.612,319.68,1
19,1670,191.07,130.76,101.25,292.01,1
19,1670,339.13,146.98,86.925,319.68,1
19,1671,187.24,130.76,102.21,296.42,1
19,1671,339.13,146.98,85.97,319.68,1
19,1672,187.25,130.76,96.478,296.78,1
19,1672,339.13,146.98,85.015,319.68,1
19,1673,180.56,130.76,97.433,296.78,1
19,1673,339.13,146.98,82.149,319.68,1
19,1674,174.83,130.76,98.388,296.78,1
19,1674,339.13,146.98,83.104,319.68,1
19,1675,174.83,130.76,108.9,298.69,1
19,1675,339.13,142.21,80.239,324.45,1
19,1676,178.65,130.76,117.49,298.69,1
19,1676,339.13,142.21,82.149,324.45,1
19,1677,188.2,130.76,126.09,298.69,1
19,1677,339.13,142.21,78.328,324.45,1
19,1678,188.2,130.76,133.73,298.69,1
19,1678,339.13,143.16,81.194,323.5,1
19,1679,188.2,130.76,125.13,298.69,1
19,1679,339.13,144.12,82.149,322.54,1
19,1680,188.2,130.76,114.63,298.69,1
19,1680,339.13,143.16,80.239,323.5,1
19,1681,188.2,130.76,114.63,298.69,1
19,1681,339.13,146.98,79.284,319.68,1
19,1682,188.2,130.76,114.63,298.69,1
19,1682,339.13,146.98,79.284,319.68,1
19,1683,188.2,130.76,114.63,298.69,1
19,1683,339.13,146.98,79.284,319.68,1
19,1684,188.2,130.76,114.63,298.69,1
19,1684,339.13,146.98,79.284,319.68,1
19,1685,188.2,130.76,114.63,298.69,1
19,1685,339.13,146.98,79.284,319.68,1
19,1686,188.2,130.76,114.63,298.69,1
19,1686,339.13,146.98,79.284,319.68,1
19,1687,187.56,130.76,114.63,298.69,1
19,1687,339.13,146.98,79.284,319.68,1
19,1688,186.97,130.76,114.63,298.69,1
19,1688,334.35,146.98,84.06,319.68,1
19,1689,186.41,130.76,114.63,298.69,1
19,1689,335.31,146.98,83.104,319.68,1
19,1690,180.56,130.76,119.98,298.69,1
19,1690,339.13,146.98,79.284,319.68,1
19,1691,179.6,130.76,120.49,298.69,1
19,1691,339.13,146.98,79.284,319.68,1
19,1692,179.6,130.76,120.12,298.69,1
19,1692,339.13,146.98,79.284,319.68,1
19,1693,174.83,130.76,124.59,298.69,1
19,1693,339.13,146.98,79.284,319.68,1
19,1694,184.57,130.76,114.63,298.69,1
19,1694,333.4,146.98,85.015,319.68,1
19,1695,184.43,130.76,114.63,298.69,1
19,1695,327.66,146.98,90.746,319.68,1
19,1696,184.38,130.76,114.63,298.69,1
19,1696,334.35,146.98,84.06,319.68,1
19,1697,184.39,130.76,114.61,298.69,1
19,1697,334.35,146.98,84.06,319.68,1
19,1698,184.43,130.76,114.55,298.69,1
19,1698,331.49,146.98,87.841,320.26,1
19,1699,184.5,135.53,114.45,293.92,1
19,1699,333.4,146.98,86.846,320.83,1
19,1700,184.6,141.26,114.32,288.19,1
19,1700,329.57,146.98,91.582,321.41,1
19,1701,184.74,137.44,114.16,292.01,1
19,1701,330.21,146.98,91.861,321.99,1
19,1702,184.92,139.35,113.98,290.1,1
19,1702,330.85,142.21,92.139,327.34,1
19,1703,185.14,136.48,113.76,292.96,1
19,1703,331.49,141.26,83.104,328.87,1
19,1704,185.41,130.76,113.52,298.69,1
19,1704,332.12,142.21,86.289,328.49,1
19,1705,185.73,130.76,113.27,298.69,1
19,1705,332.76,142.21,82.786,329.07,1
19,1706,186.11,130.76,112.99,298.69,1
19,1706,333.4,141.26,81.194,330.6,1
19,1707,186.54,130.76,112.7,298.69,1
19,1707,334.03,141.26,93.532,331.17,1
19,1708,187.03,130.76,112.4,298.69,1
19,1708,334.67,137.44,87.562,335.57,1
19,1709,187.58,130.76,112.08,298.69,1
19,1709,335.31,141.26,86.925,332.33,1
19,1710,188.2,130.76,111.76,298.69,1
19,1710,335.94,141.26,94.368,332.9,1
19,1711,188.2,130.76,111.76,298.69,1
19,1711,336.58,144.12,94.647,335.9,1
19,1712,188.2,130.76,111.76,298.69,1
19,1712,337.22,146.98,94.925,333.52,1
19,1713,188.2,130.76,111.76,298.69,1
19,1713,337.85,146.98,95.204,333.52,1
19,1714,188.2,130.76,111.76,298.69,1
19,1714,338.49,146.98,95.483,329.48,1
19,1715,188.2,130.76,111.76,298.69,1
19,1715,339.13,146.98,95.761,330.06,1
19,1716,188.2,130.76,111.76,298.69,1
19,1716,339.76,146.98,96.04,330.64,1
19,1717,188.2,130.76,111.76,298.69,1
19,1717,340.4,146.98,96.318,331.21,1
19,1718,188.2,130.76,111.76,298.69,1
19,1718,341.04,146.98,96.597,331.79,1
19,1719,188.2,130.76,111.76,298.69,1
19,1719,341.67,146.98,96.876,332.37,1
19,1720,188.2,130.76,111.76,298.69,1
19,1720,342.31,146.98,97.154,332.94,1
19,1721,188.2,130.76,106.99,298.69,1
19,1721,342.95,146.98,97.433,333.52,1
19,1722,188.2,130.76,106.99,298.69,1
19,1722,342.95,146.98,97.433,333.52,1
19,1723,188.2,130.76,106.99,298.69,1
19,1723,342.95,146.98,93.612,333.52,1
19,1724,188.2,130.76,106.99,298.69,1
19,1724,342.95,146.98,93.612,333.52,1
19,1725,188.2,130.76,106.99,298.69,1
19,1725,342.95,146.98,93.612,333.52,1
19,1726,188.2,130.76,106.99,298.69,1
19,1726,342.95,146.98,93.612,333.52,1
19,1727,188.2,130.76,106.99,298.69,1
19,1727,342.95,146.98,93.612,333.52,1
19,1728,188.2,130.76,106.99,298.69,1
19,1728,342.95,149.84,93.612,330.66,1
19,1729,188.2,130.76,106.99,298.69,1
19,1729,342.95,146.98,93.612,333.52,1
19,1730,188.2,130.76,106.99,298.69,1
19,1730,342.95,149.84,93.612,330.66,1
19,1731,188.2,130.76,106.99,298.69,1
19,1731,342.95,149.84,93.612,330.66,1
19,1732,188.2,130.76,106.99,298.69,1
19,1732,342.95,149.84,93.612,330.66,1
19,1733,188.2,130.76,106.99,298.69,1
19,1733,342.95,149.84,93.612,330.66,1
19,1734,188.2,130.76,106.99,298.69,1
19,1734,342.95,149.84,93.612,330.66,1
19,1735,188.2,130.76,106.99,298.69,1
19,1735,342.95,149.84,93.612,330.66,1
19,1736,188.2,130.76,106.99,298.69,1
19,1736,342.95,149.84,93.612,330.66,1
19,1737,188.2,130.76,106.99,298.69,1
19,1737,342.95,149.84,93.612,330.66,1
19,1738,188.2,130.76,106.99,298.69,1
19,1738,342.95,149.84,93.612,330.66,1
19,1739,188.2,130.76,106.99,298.69,1
19,1739,342.95,149.84,93.612,330.66,1
19,1740,188.2,130.76,106.99,298.69,1
19,1740,342.95,149.84,93.612,330.66,1
19,1741,188.2,130.76,106.99,298.69,1
19,1741,342.95,149.84,93.612,330.66,1
19,1742,188.2,130.76,106.99,298.69,1
19,1742,342.95,149.84,93.612,330.66,1
19,1743,188.2,130.76,106.99,298.69,1
19,1743,342.95,149.84,93.612,330.66,1
19,1744,188.2,130.76,106.99,298.69,1
19,1744,342.95,149.84,93.612,330.66,1
19,1745,188.2,130.76,106.99,298.69,1
19,1745,342.95,149.84,93.612,330.66,1
19,1746,188.2,130.76,106.99,298.69,1
19,1746,342.95,149.84,93.612,330.66,1
19,1747,188.2,130.76,106.99,298.69,1
19,1747,342.95,149.84,93.612,330.66,1
19,1748,188.2,130.76,106.99,298.69,1
19,1748,342.95,149.84,93.612,330.66,1
19,1749,188.2,130.76,106.99,298.69,1
19,1749,342.95,149.84,93.612,330.66,1
19,1750,188.2,130.76,106.99,298.69,1
19,1750,342.95,149.84,93.612,330.66,1
19,1751,188.2,130.76,106.99,298.69,1
19,1751,342.95,149.84,93.612,330.66,1
19,1752,188.2,130.76,106.99,298.69,1
19,1752,342.95,149.84,93.612,330.66,1
19,1753,188.2,130.76,106.99,298.69,1
19,1753,342.95,149.84,93.612,330.66,1
19,1754,188.2,130.76,106.99,298.69,1
19,1754,342.95,149.84,93.612,330.66,1
19,1755,188.2,134.58,106.99,294.87,1
19,1755,342.95,149.84,93.612,330.66,1
19,1756,184.38,130.76,114.63,298.69,1
19,1756,342.95,149.84,93.612,330.66,1
19,1757,184.38,134.58,114.63,294.87,1
19,1757,342.95,149.84,93.612,330.66,1
19,1758,184.38,131.71,112.72,297.73,1
19,1758,342.95,149.84,93.612,330.66,1
19,1759,184.38,131.71,112.72,297.73,1
19,1759,342.95,149.84,93.612,330.66,1
19,1760,184.38,131.71,112.72,297.73,1
19,1760,342.95,149.84,93.612,330.66,1
19,1761,184.38,131.71,112.72,297.73,1
19,1761,342.95,149.84,93.612,330.66,1
19,1762,184.38,131.71,112.72,297.73,1
19,1762,342.95,149.84,93.612,330.66,1
19,1763,184.38,131.71,112.72,297.73,1
19,1763,342.95,149.84,93.612,330.66,1
19,1764,184.38,131.71,112.72,297.73,1
19,1764,342.95,149.84,93.612,330.66,1
19,1765,184.38,131.71,112.72,297.73,1
19,1765,342.95,149.84,93.612,330.66,1
19,1766,184.38,131.71,112.72,297.73,1
19,1766,342.95,149.84,93.612,330.66,1
19,1767,184.38,131.71,112.72,297.73,1
19,1767,346.77,149.84,89.791,330.66,1
19,1768,184.38,131.71,112.72,297.73,1
19,1768,342.95,149.84,93.612,330.66,1
19,1769,184.38,131.71,112.72,297.73,1
19,1769,342.95,149.84,93.612,330.66,1
19,1770,184.38,131.71,112.72,297.73,1
19,1770,342.95,149.84,93.612,330.66,1
19,1771,184.38,132.67,112.72,296.78,1
19,1771,342.95,149.84,93.612,330.66,1
19,1772,184.38,132.67,112.72,296.78,1
19,1772,342.95,149.84,93.612,330.66,1
19,1773,184.38,132.67,112.72,296.78,1
19,1773,342.95,149.84,93.612,330.66,1
19,1774,184.38,132.67,112.72,296.78,1
19,1774,342.95,149.84,93.612,330.66,1
19,1775,184.38,132.67,112.72,296.78,1
19,1775,342.95,149.84,93.612,330.66,1
19,1776,184.38,132.67,112.72,296.78,1
19,1776,342.95,149.84,93.612,330.66,1
19,1777,184.38,132.67,112.72,296.78,1
19,1777,342.95,149.84,93.612,330.66,1
19,1778,184.38,132.67,112.72,296.78,1
19,1778,342.95,149.84,93.612,330.66,1
19,1779,184.38,132.67,112.72,296.78,1
19,1779,342.95,149.84,93.612,330.66,1
19,1780,187.25,132.67,109.85,296.78,1
19,1780,342.95,149.84,93.612,330.66,1
19,1781,187.25,132.67,109.85,296.78,1
19,1781,342.95,149.84,93.612,330.66,1
19,1782,187.25,132.67,109.85,296.78,1
19,1782,342.95,149.84,93.612,330.66,1
19,1783,187.25,132.67,109.85,296.78,1
19,1783,342.95,149.84,93.612,330.66,1
19,1784,187.25,132.67,109.85,296.78,1
19,1784,342.95,149.84,93.612,330.66,1
19,1785,187.25,132.67,109.85,296.78,1
19,1785,342.95,149.84,93.612,330.66,1
19,1786,175.78,132.67,121.31,296.78,1
19,1786,342.95,149.84,93.612,330.66,1
19,1787,175.78,132.67,121.31,296.78,1
19,1787,342.95,149.84,93.612,330.66,1
19,1788,186.29,132.67,110.81,296.78,1
19,1788,342.95,149.84,93.612,330.66,1
19,1789,192.98,137.44,104.12,292.01,1
19,1789,342.95,149.84,93.612,330.66,1
19,1790,195.84,137.44,101.25,292.01,1
19,1790,342.95,149.84,93.612,330.66,1
19,1791,195.84,137.44,101.25,292.01,1
19,1791,342.95,149.84,93.612,330.66,1
19,1792,195.84,137.44,101.25,292.01,1
19,1792,342.95,149.84,93.612,330.66,1
19,1793,195.84,137.44,101.25,292.01,1
19,1793,342.95,149.84,93.612,330.66,1
19,1794,195.84,137.44,101.25,292.01,1
19,1794,342.95,149.84,93.612,330.66,1
19,1795,195.84,137.44,101.25,292.01,1
19,1795,342.95,149.84,93.612,330.66,1
19,1796,192.98,137.44,104.12,292.01,1
19,1796,342.95,149.84,93.612,330.66,1
19,1797,182.47,137.44,114.63,292.01,1
19,1797,342.95,149.84,93.612,330.66,1
19,1798,176.74,137.44,120.36,292.01,1
19,1798,342.95,149.84,93.612,330.66,1
19,1799,180.56,137.44,116.54,296.78,1
19,1799,342.95,149.84,93.612,330.66,1
19,1800,186.29,137.44,110.81,296.78,1
19,1800,342.95,149.84,93.612,330.66,1
19,1801,186.29,137.44,110.81,296.78,1
19,1801,342.95,149.84,93.612,330.66,1
19,1802,186.29,137.44,110.81,296.78,1
19,1802,342.95,149.84,93.612,330.66,1
19,1803,186.29,137.44,110.81,296.78,1
19,1803,342.95,149.84,93.612,330.66,1
19,1804,186.29,137.44,110.81,296.78,1
19,1804,342.95,149.84,93.612,330.66,1
19,1805,186.29,134.58,110.81,299.64,1
19,1805,342.95,149.84,93.612,330.66,1
19,1806,186.29,134.58,110.81,299.64,1
19,1806,342.95,149.84,93.612,330.66,1
19,1807,186.29,134.58,110.81,299.64,1
19,1807,342.95,149.84,93.612,330.66,1
19,1808,186.29,134.58,110.81,299.64,1
19,1808,342.95,149.84,93.612,330.66,1
19,1809,186.29,134.58,110.81,299.64,1
19,1809,342.95,149.84,92.657,330.66,1
19,1810,186.29,134.58,110.81,299.64,1
19,1810,342.95,149.84,89.791,330.66,1
19,1811,186.29,134.58,110.81,299.64,1
19,1811,342.95,149.84,86.925,330.66,1
19,1812,186.29,134.58,110.81,299.64,1
19,1812,342.95,149.84,86.925,330.66,1
19,1813,186.29,134.58,115.58,299.64,1
19,1813,342.95,149.84,86.925,330.66,1
19,1814,186.29,134.58,115.58,299.64,1
19,1814,342.95,149.84,86.925,330.66,1
19,1815,186.29,134.58,115.58,299.64,1
19,1815,342.95,149.84,86.925,330.66,1
19,1816,186.29,134.58,115.58,299.64,1
19,1816,342.95,149.84,86.925,330.66,1
19,1817,186.29,134.58,115.58,299.64,1
19,1817,342.95,149.84,86.925,330.66,1
19,1818,186.29,134.58,115.58,299.64,1
19,1818,342.95,149.84,86.925,330.66,1
19,1819,186.29,134.58,115.58,299.64,1
19,1819,342.95,149.84,86.925,330.66,1
19,1820,186.29,134.58,115.58,299.64,1
19,1820,342.95,149.84,86.925,330.66,1
19,1821,186.29,134.58,115.58,299.64,1
19,1821,342.95,149.84,86.925,330.66,1
19,1822,186.29,134.58,115.58,299.64,1
19,1822,342.95,149.84,86.925,330.66,1
19,1823,186.29,134.58,115.58,299.64,1
19,1823,342.95,149.84,86.925,330.66,1
19,1824,186.29,134.58,115.58,299.64,1
19,1824,342.95,149.84,86.925,330.66,1
19,1825,186.29,134.58,115.58,299.64,1
19,1825,342.95,149.84,86.925,330.66,1
19,1826,186.29,134.58,115.58,299.64,1
19,1826,342.95,149.84,86.925,330.66,1
19,1827,190.11,134.58,111.76,299.64,1
19,1827,342.95,149.84,86.925,330.66,1
19,1828,190.11,134.58,111.76,299.64,1
19,1828,342.95,149.84,86.925,330.66,1
19,1829,190.11,134.58,111.76,299.64,1
19,1829,342.95,149.84,86.925,330.66,1
19,1830,190.11,134.58,111.76,299.64,1
19,1830,342.95,149.84,86.925,330.66,1
19,1831,190.11,134.58,111.76,299.64,1
19,1831,342.95,149.84,88.836,330.66,1
19,1832,190.11,134.58,111.76,299.64,1
19,1832,342.95,149.84,89.791,330.66,1
19,1833,190.11,134.58,111.76,299.64,1
19,1833,342.95,149.84,92.657,330.66,1
19,1834,190.11,134.58,106.99,299.64,1
19,1834,342.95,149.84,92.657,330.66,1
19,1835,190.11,134.58,106.99,299.64,1
19,1835,342.95,149.84,91.701,330.66,1
19,1836,190.11,134.58,106.99,299.64,1
19,1836,342.95,149.84,91.701,330.66,1
19,1837,190.11,134.58,106.99,299.64,1
19,1837,342.95,149.84,92.657,330.66,1
19,1838,190.11,134.58,106.99,299.64,1
19,1838,342.95,149.84,91.701,330.66,1
19,1839,190.11,134.58,106.99,299.64,1
19,1839,342.95,149.84,91.701,330.66,1
19,1840,190.11,134.58,106.99,299.64,1
19,1840,342.95,149.84,91.701,330.66,1
19,1841,190.11,134.58,106.99,299.64,1
19,1841,342.95,149.84,91.701,330.66,1
19,1842,190.11,134.58,106.99,299.64,1
19,1842,342.95,149.84,91.701,330.66,1
19,1843,190.11,134.58,106.99,299.64,1
19,1843,342.95,149.84,91.701,330.66,1
19,1844,190.11,134.58,106.99,299.64,1
19,1844,342.95,149.84,91.701,330.66,1
19,1845,190.11,134.58,106.99,299.64,1
19,1845,342.95,149.84,91.701,330.66,1
19,1846,190.11,134.58,106.99,299.64,1
19,1846,342.95,149.84,91.701,330.66,1
19,1847,183.43,134.58,113.67,299.64,1
19,1847,342.95,149.84,90.746,330.66,1
19,1848,173.87,134.58,123.22,299.64,1
19,1848,342.95,149.84,90.746,330.66,1
19,1849,186.29,134.58,110.81,299.64,1
19,1849,342.95,149.84,85.97,330.66,1
19,1850,198.71,134.58,98.388,299.64,1
19,1850,342.95,149.84,85.97,330.66,1
19,1851,198.71,134.58,107.94,299.64,1
19,1851,342.95,149.84,85.97,330.66,1
19,1852,198.71,134.58,116.54,299.64,1
19,1852,342.95,149.84,85.97,330.66,1
19,1853,198.71,134.58,122.27,295.83,1
19,1853,342.95,149.84,85.97,330.66,1
19,1854,202.53,134.58,118.45,295.83,1
19,1854,342.95,149.84,85.97,330.66,1
19,1855,205.4,134.58,115.58,295.83,1
19,1855,342.95,149.84,85.97,330.66,1
19,1856,207.31,134.58,113.67,295.83,1
19,1856,342.95,149.84,85.97,330.66,1
19,1857,214.95,130.76,110.81,299.64,1
19,1857,343.9,149.84,85.015,330.66,1
19,1858,226.41,130.76,118.45,299.64,1
19,1858,341.55,149.76,84.935,330.24,1
19,1859,239.78,130.76,115.58,285.33,1
19,1859,339.21,149.68,96.398,329.82,1
19,1860,247.43,130.76,123.22,285.33,1
19,1860,336.86,149.61,97.791,329.4,1
19,1861,344.86,149.53,89.791,328.99,1
19,1862,341.04,149.45,91.701,328.57,1
19,1863,345.81,149.37,83.104,328.15,1
19,1864,341.04,149.29,84.06,327.73,1
19,1865,341.99,149.21,86.925,327.32,1
19,1869,197.75,130.76,97.433,315.86,1
19,1870,186.29,135.53,97.433,311.09,1
19,1874,314.29,143.16,106.99,311.09,1
19,1875,308.56,143.16,100.3,311.09,1
19,1876,308.56,143.16,87.881,311.09,1
19,1877,283.72,143.16,104.12,314.91,1
19,1878,284.68,143.16,103.16,319.68,1
19,1879,283.72,143.16,104.12,322.54,1
19,1880,283.72,143.16,104.12,322.54,1
19,1881,283.72,143.16,95.522,322.54,1
19,1882,283.72,143.16,95.522,322.54,1
19,1883,283.72,143.16,95.522,322.54,1
19,1884,283.72,147.94,95.522,317.77,1
19,1885,283.72,147.94,95.522,317.77,1
19,1886,283.72,147.94,95.522,317.77,1
19,1887,286.59,147.94,110.81,317.77,1
19,1888,286.59,147.94,110.81,317.77,1
19,1889,299.96,147.94,106.03,317.77,1
19,1890,316.2,147.94,95.522,317.77,1
19,1891,318.11,147.94,93.612,322.54,1
19,1892,323.84,147.94,87.881,322.54,1
19,1893,327.66,147.94,84.06,322.54,1
19,1894,327.66,147.94,89.791,328.27,1
19,1895,303.78,147.94,113.67,328.27,1
19,1896,278.95,152.71,138.51,323.5,1
19,1897,291.37,152.71,126.09,324.45,1
19,1898,291.37,152.71,111.76,324.45,1
19,1899,291.37,152.71,103.16,324.45,1
19,1900,291.37,152.71,103.16,324.45,1
19,1901,291.37,148.89,96.478,328.27,1
19,1902,284.68,148.89,92.657,328.27,1
19,1903,277.99,148.89,92.657,328.27,1
19,1904,277.99,148.89,92.657,328.27,1
19,1905,272.26,148.89,98.388,328.27,1
19,1906,267.49,148.89,97.433,328.27,1
19,1907,267.49,150.8,92.657,326.36,1
19,1908,267.49,150.8,92.657,326.36,1
19,1909,267.49,150.8,85.97,329.7,1
19,1910,267.49,150.8,85.97,329.7,1
19,1911,267.49,150.8,85.97,329.7,1
19,1912,267.49,150.8,85.97,329.7,1
19,1913,240.74,150.8,108.9,327.32,1
19,1914,217.81,150.8,126.09,320.64,1
19,1915,198.71,150.8,139.46,324.45,1
19,1916,198.71,150.8,133.73,313.96,1
19,1917,195.84,150.8,108.9,317.77,1
19,1918,179.6,150.8,87.881,317.77,1
19,1923,244.56,124.08,96.478,345.45,1
19,1924,210.17,124.08,102.21,340.68,1
19,1925,170.05,124.08,137.55,333.04,1
19,1926,170.05,124.08,98.388,333.04,1
19,1946,222.59,132.67,101.25,347.83,1
19,1947,212.08,132.67,88.836,340.68,1
19,1948,190.11,132.67,110.81,336.86,1
19,1949,173.87,131.71,121.31,337.81,1
19,1950,164.32,131.71,104.12,337.81,1
19,1951,164.32,130.76,104.12,338.77,1
19,1952,187.25,130.76,86.925,338.77,1
19,1953,187.25,130.76,93.612,338.77,1
19,1954,187.25,130.76,100.3,338.77,1
19,1955,187.25,127.9,99.343,337.81,1
19,1956,202.53,127.9,92.657,337.81,1
19,1957,206.35,127.9,88.836,337.81,1
19,1958,202.53,127.9,84.06,337.81,1
19,1959,192.02,127.9,88.836,337.81,1
19,1960,192.02,127.9,81.194,337.81,1
19,1961,192.02,127.9,81.194,337.81,1
19,1962,174.83,127.9,94.567,337.81,1
19,1964,174.83,135.53,94.567,330.18,1
19,1965,154.77,135.53,114.63,330.18,1
19,1966,154.77,135.53,114.63,330.18,1
19,1967,168.14,135.53,101.25,330.18,1
19,1968,181.51,135.53,87.881,330.18,1
19,1969,181.51,135.53,87.881,330.18,1
19,1970,175.78,135.53,100.3,330.18,1
19,1971,168.14,135.53,101.25,330.18,1
19,1972,158.59,135.53,110.81,330.18,1
19,1973,154.77,135.53,110.81,330.18,1
19,1975,196.8,84.953,43.94,152.68,1
19,1976,186.29,81.136,48.716,145.05,1
19,1977,186.29,81.136,43.94,145.05,1
19,1978,176.74,81.136,47.761,137.42,1
19,1981,164.06,112.7,91.429,271.19,1
19,1982,188.44,112.03,103.62,274.58,1
19,1983,195.89,116.09,102.94,289.49,1
19,1984,217.56,114.06,106.33,290.85,1
19,2004,168.12,78.127,46.053,137.63,1
19,2005,175.23,78.72,46.968,139.6,1
19,2006,221.62,141.18,136.13,327.46,1
19,2007,196.56,134.4,102.26,329.49,1
19,2008,174.89,131.69,111.07,329.49,1
19,2009,200.56,82.406,58.987,149.63,1
19,2010,206.04,83.551,56.212,152.54,1
19,2011,211.22,83.551,64.58,156.96,1
19,2012,220.94,86.32,65.016,159.12,1
19,2013,229.07,88.075,63.182,162.52,1
19,2014,230.43,84.907,67.679,171.36,1
19,2015,229.07,91.686,73.82,170.85,1
19,2016,234.49,88.297,72.389,181.06,1
19,2017,238.55,91.008,72.17,185.64,1
19,2018,246,94.228,68.767,190.39,1
19,2019,244.75,92.364,79.138,196.61,1
19,2020,246.26,100.11,82.37,202.07,1
19,2021,243.29,100.5,84.656,211.06,1
19,2022,246.38,98.466,81.575,213.56,1
19,2023,247.36,107.28,81.27,223.73,1
19,2024,245.86,106.6,91.574,230.51,1
19,2025,241.75,105.92,99.072,246.91,1
19,2026,235.61,112.26,98.438,256.71,1
19,2027,228.03,110.67,99.922,260.34,1
19,2028,219.59,115.42,109.04,273.9,1
19,2029,214.17,117.48,108.16,288.1,1
19,2030,210.11,119.78,100.7,294.17,1
19,2031,199.95,126.94,100.23,306.44,1
19,2032,147.12,124.91,130.71,314.58,1
19,2199,175.78,81.136,47.761,138.37,1
19,2200,184.38,81.136,61.134,138.37,1
19,2201,189.16,81.136,64,138.37,1
19,2202,207.31,81.136,47.761,141.23,1
19,2203,211.13,85.553,53.493,143.16,1
19,2204,220.68,85.553,54.227,143.16,1
19,2205,226.41,84.953,63.045,147.28,1
19,2206,230.85,84.953,75.801,150.97,1
19,2207,233.18,87.163,64.438,152.58,1
19,2208,235.42,84.953,67.859,158.76,1
19,2209,237.57,88.461,70.064,159.34,1
19,2210,239.62,89.163,70.846,162.85,1
19,2211,241.6,86.862,70.339,169.51,1
19,2212,243.51,90.718,60.277,170.17,1
19,2213,245.34,91.583,67.423,173.98,1
19,2214,247.09,92.502,65.775,177.91,1
19,2215,248.75,93.474,64.507,181.94,1
19,2216,250.29,94.496,64,186.08,1
19,2217,251.61,95.552,69.366,190.41,1
19,2218,252.71,96.649,70.18,201.11,1
19,2219,253.73,97.821,72.974,199.59,1
19,2220,254.84,99.103,72.819,204.3,1
19,2221,256.19,100.53,77.203,216.31,1
19,2222,257.93,102.13,75.463,213.64,1
19,2223,260.47,104.01,80.569,221.42,1
19,2224,264,106.21,79.905,229.72,1
19,2225,268.37,108.7,78.193,227.28,1
19,2226,273.44,108.81,79.72,234.45,1
19,2227,279.04,114.41,86.83,244.42,1
19,2228,285.04,117.55,104.72,240.84,1
19,2229,295.19,117.55,117.49,240.84,1
19,2230,299.96,117.55,116.54,240.84,1
19,2231,155.72,150.8,152.84,296.78,1
19,2232,155.72,150.8,160.48,295.83,1
19,2233,155.72,150.8,160.48,295.83,1
19,2234,167.19,150.8,139.46,295.83,1
19,2235,174.83,144.12,116.54,302.5,1
19,2236,173.87,140.3,112.72,281.51,1
19,2237,177.69,140.3,112.72,277.69,1
19,2238,191.07,140.3,101.25,279.6,1
19,2239,206.35,137.44,92.657,271.01,1
19,2240,216.86,134.58,102.21,260.52,1
19,2241,230.23,134.58,101.25,259.56,1
19,2242,243.6,134.58,87.881,258.61,1
19,2243,269.4,127.9,78.328,243.34,1
19,2244,280.86,127.9,102.21,245.25,1
19,2245,280.86,131.71,128,241.43,1
19,2246,310.47,130.76,107.94,234.75,1
19,2287,163.37,81.136,50.627,141.23,1
19,2288,169.1,81.136,51.582,141.23,1
19,2289,175.78,81.136,58.269,144.1,1
19,2290,181.51,81.136,54.448,151.73,1
19,2291,191.07,81.136,52.537,151.73,1
19,2292,195.84,83.999,52.537,155.55,1
19,2293,197.84,84.881,54.747,159.03,1
19,2294,199.96,85.838,54.154,162.75,1
19,2295,202.18,86.866,58.967,166.68,1
19,2296,204.51,87.961,60.959,170.82,1
19,2297,206.93,89.12,67.241,172.37,1
19,2298,217.81,90.339,62.09,179.69,1
19,2299,217.81,91.613,62.09,184.38,1
19,2300,218.77,90.679,63.862,186.08,1
19,2301,217.51,94.315,69.306,194.26,1
19,2302,229.28,95.734,68.776,199.43,1
19,2303,232.14,97.195,70.687,204.72,1
19,2304,234.05,98.692,69.731,212.42,1
19,2305,229.28,100.22,73.433,215.67,1
19,2306,232.41,101.82,74.114,221.4,1
19,2307,235.69,107.86,74.778,229.98,1
19,2308,239.09,105.29,79.973,235.41,1
19,2309,237.87,107.16,85.015,248.81,1
19,2310,235.96,114.54,86.891,255.75,1
19,2311,235.01,112.63,85.97,260.52,1
19,2312,239.78,115.49,85.97,262.43,1
19,2313,248.38,121.22,87.365,271.97,1
19,2314,256.98,117.59,81.194,276.3,1
19,2315,263.66,119.85,80.728,287.64,1
19,2316,270.35,122.17,78.328,292.01,1
19,2317,276.08,122.17,84.06,295.83,1
19,2318,276.08,122.17,84.06,295.83,1
19,2319,287.54,122.17,79.284,295.83,1
19,2320,287.54,122.17,79.284,295.83,1
19,2321,287.54,122.17,79.284,295.83,1
19,2322,301.87,122.17,88.836,269.11,1
19,2323,310.47,122.17,106.03,269.11,1
19,2324,320.98,117.4,103.16,260.52,1
19,2370,174.83,124.08,112.72,320.64,1
19,2371,196.8,124.08,103.16,321.59,1
19,2372,213.99,117.4,97.433,299.64,1
19,2373,227.37,117.4,98.388,298.69,1
19,2374,240.74,117.4,103.16,286.28,1
19,2375,252.2,114.54,105.07,276.74,1
19,2376,262.71,113.58,103.16,275.79,1
19,2377,277.04,113.58,88.836,273.88,1
19,2378,283.72,109.76,85.97,271.97,1
19,2379,293.28,109.76,82.149,264.33,1
19,2380,304.74,109.76,104.12,260.52,1
19,2381,309.51,109.76,106.03,260.52,1
19,2422,341.99,122.61,75.463,245.77,1
19,2423,300.24,122.61,97.942,261.05,1
19,2424,291.37,122.85,85.961,265.77,1
19,2425,283.72,123.51,79.284,270.42,1
19,2426,273.22,124.53,76.418,274.99,1
19,2427,226.41,125.81,112.72,271.19,1
19,2428,224.11,127.27,99.734,283.88,1
19,2429,213.04,128.85,92.657,288.19,1
19,2430,202.53,130.86,96.806,313.85,1
19,2431,199.66,133.62,100.3,325.4,1
19,2432,196.06,137.04,107.73,326.76,1
19,2433,186.29,141,119.4,324.71,1
19,2451,282.77,124.08,112.72,268.15,1
19,2452,277.04,124.08,105.07,279.6,1
19,2453,263.66,124.08,109.85,291.05,1
19,2454,254.11,130.76,107.94,303.46,1
19,2455,256.02,130.76,113.67,316.82,1
19,2456,268.44,130.76,118.45,316.82,1
19,2676,195.54,125.97,114.83,308.21,1
19,2677,223.54,119.31,99.343,294.87,1
19,2678,244.85,122.61,125.8,291.57,1
19,2679,263.66,120.92,108.51,283.71,1
19,2680,301.87,116.44,89.791,275.79,1
19,2681,320.98,119.31,89.791,268.15,1
19,2741,296.14,144.12,117.49,336.38,1
19,2746,240.74,134.58,98.388,313.96,1
19,2747,243.6,130.76,86.925,317.77,1
19,2748,243.6,130.76,78.328,304.41,1
19,2749,232.14,130.76,89.791,304.41,1
19,2750,227.37,130.76,80.239,304.41,1
19,2751,218.77,130.76,88.836,304.41,1
19,2752,207.31,130.76,96.478,304.41,1
19,2753,202.53,130.76,110.81,304.41,1
19,2754,208.26,130.76,101.25,304.41,1
19,2755,214.95,129.8,103.16,299.64,1
19,2756,219.72,126.94,105.07,288.19,1
19,2757,235.01,124.08,100.3,288.19,1
19,2758,242.65,124.08,102.21,287.24,1
19,2759,252.2,125.99,98.388,278.65,1
19,2760,264.62,125.03,88.836,268.15,1
19,2761,277.99,125.03,87.881,262.43,1
19,2762,286.59,125.03,106.03,261.47,1
19,2763,290.41,124.08,104.12,255.75,1
19,2824,171.01,85.908,67.821,132.64,1
19,2825,184.38,85.908,54.448,132.64,1
19,2826,201.57,85.908,53.493,134.55,1
19,2827,208.26,85.908,72.597,140.28,1
19,2828,215.9,85.908,61.134,140.28,1
19,2829,223.54,89.725,60.179,140.28,1
19,2830,223.54,89.725,56.358,149.82,1
19,2831,231.19,89.725,65.91,149.82,1
19,2832,231.72,91.686,68.776,155.65,1
19,2833,232.25,93.648,66.76,161.48,1
19,2834,230.23,92.587,66.866,164.14,1
19,2835,225.46,97.359,69.731,167,1
19,2836,228.32,98.313,69.731,173.68,1
19,2837,229.28,97.359,71.642,175.59,1
19,2838,226.41,102.13,75.463,184.17,1
19,2839,224.5,100.22,79.284,188.95,1
19,2840,219.72,102.13,80.239,194.67,1
19,2841,224.5,107.86,73.552,203.26,1
19,2842,229.28,103.08,80.239,208.03,1
19,2843,231.19,110.72,93.612,214.71,1
19,2844,227.37,112.63,96.478,221.39,1
19,2845,226.41,110.72,91.701,223.3,1
19,2846,228.32,118.35,93.612,232.84,1
19,2847,241.69,116.44,87.881,245.25,1
19,2848,246.47,118.35,106.99,245.25,1
19,2849,240.74,125.03,117.49,254.79,1
19,2850,240.74,125.03,106.99,267.2,1
19,2851,235.96,129.8,106.03,262.43,1
19,2852,241.69,136.48,113.67,273.88,1
19,2853,254.11,136.48,108.9,287.24,1
19,2854,269.4,137.44,121.31,283.42,1
19,2855,272.26,143.16,125.13,302.5,1
19,2856,278.95,146.98,107.94,320.64,1
19,2857,284.68,148.89,106.99,319.68,1
19,2858,290.41,155.57,117.49,314.91,1
19,2860,156.68,131.71,147.1,302.5,1
19,2873,340.08,109.76,67.821,263.38,1
19,2874,308.56,111.67,92.657,258.61,1
19,2875,302.83,113.58,91.701,254.79,1
19,2876,291.37,104.99,70.687,250.02,1
19,2877,264.62,104.04,85.015,241.43,1
19,2878,256.02,104.99,82.149,236.66,1
19,2879,238.83,97.359,92.657,222.35,1
19,2880,238.83,97.359,86.925,226.16,1
19,2881,238.83,97.359,83.104,217.57,1
19,2882,238.83,92.587,78.328,200.4,1
19,2883,238.83,92.587,73.552,200.4,1
19,2884,231.19,90.679,73.552,196.58,1
19,2885,229.28,85.908,72.597,184.17,1
19,2886,229.28,87.816,72.597,182.27,1
19,2887,229.28,87.816,69.731,167.95,1
19,2888,228.32,84.953,65.91,166.04,1
19,2889,222.59,84.953,63.045,166.04,1
19,2890,214.95,81.136,61.134,161.27,1
19,2891,210.17,82.09,62.09,156.5,1
19,2892,205.4,83.045,64,156.5,1
19,2893,198.71,79.228,55.403,148.87,1
19,2894,188.2,79.228,53.493,146.96,1
19,2895,177.69,79.228,57.313,142.19,1
19,2896,173.87,79.228,48.716,136.46,1
19,2940,166.23,78.273,50.627,140.28,1
19,2941,167.19,82.09,53.493,141.23,1
19,2942,169.1,83.045,57.313,142.19,1
19,2943,176.74,78.273,55.403,146,1
19,2944,184.38,83.045,64,146,1
19,2945,193.93,83.045,62.09,150.78,1
19,2946,202.53,81.136,64,154.59,1
19,2947,208.26,83.999,64,157.46,1
19,2948,213.04,84.953,62.09,163.18,1
19,2949,217.81,82.09,63.045,167,1
19,2950,222.59,84.953,62.09,171.77,1
19,2951,232.14,88.77,59.224,175.59,1
19,2952,227.58,90.008,69.821,177.21,1
19,2953,229.59,91.33,73.586,191.56,1
19,2954,231.37,93.542,71.463,195.84,1
19,2955,232.78,89.725,71.96,200.4,1
19,2956,233.71,99.267,78.667,205.17,1
19,2957,234.05,97.359,86.925,214.71,1
19,2958,234.05,98.968,89.616,221.74,1
19,2959,235.01,105.95,84.06,234.75,1
19,2960,228.32,104.04,89.791,238.57,1
19,2961,226.41,104.99,96.478,250.02,1
19,2962,234.05,112.63,99.037,259.56,1
19,2963,234.05,108.81,102.21,267.44,1
19,2963,329.57,112.63,98.388,257.65,1
19,2964,235.66,116.44,106.11,282.47,1
19,2964,322.89,112.63,95.522,256.7,1
19,2965,232.14,122.17,111.76,294.87,1
19,2965,322.89,112.63,81.194,258.61,1
19,2966,236.92,122.17,114.63,297.73,1
19,2967,246.47,134.58,122.27,319.16,1
19,2968,262.24,137.44,120.82,332.82,1
19,2969,270.35,136.48,136.6,344.02,1
19,2973,214.95,105.95,79.284,240.48,1
19,2974,207.31,104.99,81.194,229.03,1
19,2975,202.53,104.99,81.194,227.12,1
19,2976,202.53,104.04,75.463,225.21,1
19,2977,202.53,98.313,70.687,212.8,1
19,2978,202.53,96.405,64,214.71,1
19,2979,202.53,96.405,59.224,209.94,1
19,2980,196.8,91.633,71.642,199.44,1
19,2981,196.8,91.633,71.642,199.44,1
19,2982,196.8,91.633,66.866,189.9,1
19,2983,199.66,91.633,61.134,182.27,1
19,2984,199.66,91.633,55.403,178.45,1
19,2985,195.84,87.816,55.403,171.77,1
19,2986,192.98,87.816,58.269,167,1
19,2987,192.98,87.816,63.045,167.95,1
19,2988,192.98,85.908,59.224,156.5,1
19,2989,198.71,85.908,53.493,156.5,1
19,2990,198.71,85.908,48.716,151.73,1
19,2991,198.71,82.09,50.627,150.78,1
19,2992,198.71,82.09,50.627,150.78,1
19,2993,203.49,82.09,45.851,146.96,1
19,2994,209.22,81.136,52.537,142.19,1
19,2995,215.9,81.136,45.851,139.32,1
19,2996,225.46,80.182,38.209,138.37,1
19,2997,225.46,80.182,38.209,138.37,1
19,2998,225.46,80.182,38.209,138.37,1
19,2999,225.46,80.182,38.209,138.37,1
19,3000,225.46,80.182,38.209,138.37,1
19,3001,220.68,80.182,42.985,141.23,1
19,3002,220.68,80.182,46.806,144.1,1
19,3003,219.16,80.724,45.457,150.23,1
19,3004,214.95,81.422,53.768,146.67,1
19,3005,213.99,82.25,55.45,148.71,1
19,3006,215.9,83.181,54.448,154.46,1
19,3007,215.4,84.273,50.176,162.91,1
19,3008,214.94,85.573,49.677,169.24,1
19,3009,214.56,87.043,56.75,172.54,1
19,3010,214.26,88.644,59.099,177.23,1
19,3011,214.06,90.338,60.412,183.67,1
19,3012,213.99,92.087,62.09,189.45,1
19,3013,214.8,93.961,64.805,194.24,1
19,3014,216.66,96.043,68.369,198.78,1
19,3015,218.77,98.313,71.642,204.21,1
19,3016,220.87,100.88,74.256,211.59,1
19,3017,223.28,103.73,76.661,220.59,1
19,3018,220.68,102.13,82.149,229.03,1
19,3019,229.28,109.4,81.194,239.89,1
19,3020,233.04,111.77,83.232,248.55,1
19,3021,237.54,113.93,85.082,256.95,1
19,3022,249.34,116.3,80.726,280.7,1
19,3023,249.34,119.31,89.791,277.69,1
19,3024,257.93,129.8,98.388,292.01,1
19,3025,269.03,129.13,99.714,316.54,1
19,3026,281.81,135.53,105.07,334.95,1
19,3081,346.24,111.35,76.529,265.76,1
19,3082,335.4,111.35,81.27,267.8,1
19,3083,329.98,111.35,94.138,266.44,1
19,3173,281.22,142.53,115.81,326.78,1
19,3174,281.22,140.5,109.71,323.39,1
19,3175,282.57,133.04,105.65,306.44,1
19,3176,290.7,126.26,92.106,291.53,1
19,3177,300.18,128.97,92.783,282.03,1
19,3178,319.15,120.16,88.72,261.02,1
19,3179,343.53,117.45,80.593,262.37,1
19,3238,336.08,118.81,76.529,265.76,1
19,3239,315.52,119.97,87.113,266.33,1
19,3240,306.28,117.45,90.074,267.8,1
19,3241,285.96,122.68,101.59,270.03,1
19,3242,277.43,124.22,104.37,276.79,1
19,3243,270.06,122.87,106.15,286.78,1
19,3244,260.22,127.71,112.52,303.37,1
19,3245,262.93,129.65,110.39,314.58,1
19,3246,263.76,130.33,119.05,312.54,1
19,3247,266.03,135.75,126.26,330.11,1
19,3248,269.46,136.15,129.63,344.35,1
19,3252,230.43,145.62,96.575,272.17,1
19,3253,220.94,147.28,97.524,277.97,1
19,3254,205.37,154.11,117.91,292.15,1
19,3255,214.17,158.13,111.07,305.76,1
19,3256,211.82,158.81,116.7,309.83,1
19,3317,250.07,131.69,128,336.95,1
19,3318,238.3,130.33,132.99,338.31,1
19,3319,237.2,131.69,121.9,322.71,1
19,3320,235.84,119.48,117.16,298.31,1
19,3321,235.17,120.16,117.84,298.98,1
19,3322,241.26,124.23,113.1,284.75,1
19,3323,249.39,117.45,106.33,269.15,1
19,3324,249.68,109.31,106.04,270.51,1
19,3325,246.68,109.99,107.68,262.37,1
19,3326,255.48,112.7,102.26,265.08,1
19,3327,250.07,113.38,99.556,268.47,1
19,3328,213.49,111.35,125.97,265.08,1
19,3329,182.34,114.74,138.16,258.98,1
19,3330,167.44,116.77,149.67,256.95,1
19,3367,151.19,139.82,103.62,333.56,1
19,3368,168.8,138.47,118.52,330.85,1
19,3369,195.21,136.43,104.3,329.49,1
19,3370,230.43,130.33,83.302,303.73,1
19,3371,243.97,130.33,89.397,298.31,1
19,3372,255.48,126.94,73.82,290.85,1
19,3373,258.87,119.48,101.59,273.9,1
19,3374,241.26,121.52,122.58,269.39,1
19,3375,250.74,118.81,103.62,261.02,1
19,3376,261.58,112.7,89.397,246.1,1
19,3377,264.97,114.06,87.365,240.68,1
19,3378,264.53,108.64,82.384,228.47,1
19,3379,259.55,104.57,83.302,224.41,1
19,3380,256.84,105.25,77.206,218.98,1
19,3381,254.81,99.144,73.82,206.78,1
19,3382,257.72,103.19,75.446,200.65,1
19,3383,255.85,97.11,71.732,197.81,1
19,3384,254.35,93.72,66.822,187.8,1
19,3385,253.45,97.532,65.016,181.27,1
19,3386,251.42,93.042,60.952,170.85,1
19,3387,252.74,93.042,57.606,171.37,1
19,3388,252.52,92.475,55.233,165.28,1
19,3389,252.28,86.941,55.355,164.7,1
19,3390,251.94,89.547,49.398,156.63,1
19,3391,251.42,88.297,47.407,153.22,1
19,3392,246,87.166,49.779,145.54,1
19,3393,239.91,86.114,51.446,148.62,1
19,3394,242.69,85.152,43.322,145.17,1
19,3395,237.76,81.517,42.458,145.97,1
19,3396,232.46,83.551,41.989,141.69,1
19,3397,222.98,82.195,49.439,141.02,1
19,3398,216.2,78.805,51.471,142.37,1
19,3399,216.2,78.805,51.471,142.37,1
19,3400,216.2,78.805,51.471,136.95,1
19,3401,216.2,78.805,48.085,132.88,1
19,3402,225.01,78.805,39.28,129.49,1
19,3403,225.01,78.805,33.862,129.49,1
19,3404,220.94,78.805,37.926,129.49,1
19,3405,218.24,76.771,40.635,131.53,1
19,3406,208.08,76.771,45.376,126.78,1
19,3407,206.04,76.771,39.958,126.1,1
19,3408,200.63,76.771,39.28,130.17,1
19,3409,197.92,82.195,41.312,128.81,1
19,3410,197.92,82.195,41.312,128.81,1
19,3411,197.92,82.195,41.989,131.53,1
19,3412,197.92,82.195,46.73,138.31,1
19,3413,197.92,82.195,53.503,143.05,1
19,3414,207.4,80.839,48.085,144.41,1
19,3415,211.46,85.585,46.053,150.51,1
19,3416,217.56,83.551,54.857,153.9,1
19,3417,219.59,84.907,58.243,158.64,1
19,3418,222.98,88.975,59.598,160.68,1
19,3419,226.36,85.585,56.212,164.07,1
19,3420,230.43,91.008,56.889,168.14,1
19,3421,233.81,90.331,63.661,175.59,1
19,3422,237.88,91.686,67.048,179.66,1
19,3423,237.88,96.432,69.757,186.44,1
19,3424,239.91,93.042,67.725,189.83,1
19,3425,241.26,100.5,63.661,193.9,1
19,3426,241.26,100.5,70.434,207.46,1
19,3427,241.26,100.5,73.82,210.17,1
19,3428,241.26,106.6,73.82,222.37,1
19,3429,237.88,102.53,79.238,228.47,1
19,3430,233.81,109.99,79.915,237.97,1
19,3431,234.49,112.03,85.333,249.49,1
19,3432,234.49,112.03,87.365,253.56,1
19,3433,232.46,120.84,86.688,269.83,1
19,3434,225.01,120.16,96.847,277.29,1
19,3435,222.3,126.26,98.201,292.2,1
19,3436,225.69,133.04,100.23,311.86,1
19,3437,231.1,129.65,109.04,316.61,1
19,3729,184.37,118.13,111.07,328.81,1
19,3730,209.43,112.03,96.169,305.76,1
19,3731,227.04,112.03,117.16,304.41,1
19,3732,237.88,112.03,106.33,295.59,1
19,3733,259.55,109.31,106.33,280.68,1
19,3734,283.93,107.96,98.201,282.71,1
19,3735,296.8,108.64,100.91,280,1
19,3736,313.05,107.96,94.815,276.61,1
19,3746,155.25,145.92,163.89,324.07,1
19,3747,155.25,145.92,136.13,320,1
19,4010,214.95,110.72,93.612,261.47,1
19,4011,214.95,115.49,118.45,256.7,1
19,4012,245.51,112.63,95.522,250.97,1
19,4013,296.14,110.72,69.731,258.61,1
19,4046,324.8,106.9,87.881,267.2,1
19,4047,286.59,108.81,112.72,263.38,1
19,4048,286.59,104.99,89.791,267.2,1
19,4049,277.99,105.95,85.97,271.01,1
19,4050,256.98,106.9,97.433,271.97,1
19,4051,222.59,106.9,131.82,272.92,1
19,4052,208.26,106.9,146.15,279.6,1
19,4053,233.1,107.86,121.31,283.42,1
19,4054,253.16,107.86,101.25,283.42,1
19,4055,274.17,107.86,80.239,283.42,1
19,4056,274.17,107.86,90.746,283.42,1
19,4057,278.95,107.86,85.97,283.42,1
19,4058,279.9,107.86,85.015,283.42,1
19,4059,285.63,107.86,83.104,283.42,1
19,4060,285.63,107.86,83.104,283.42,1
19,4061,285.63,107.86,83.104,283.42,1
19,4062,285.63,107.86,83.104,283.42,1
19,4063,285.63,107.86,83.104,283.42,1
19,4064,285.63,107.86,83.104,283.42,1
19,4065,285.63,107.86,83.104,283.42,1
19,4066,285.63,107.86,83.104,283.42,1
19,4067,285.63,107.86,83.104,283.42,1
19,4068,285.63,107.86,83.104,283.42,1
19,4069,285.63,107.86,83.104,283.42,1
19,4070,285.63,107.86,83.104,283.42,1
19,4071,285.63,107.86,83.104,283.42,1
19,4072,285.63,107.86,83.104,283.42,1
19,4073,281.81,107.86,84.06,283.42,1
19,4074,281.81,107.86,81.194,283.42,1
19,4075,276.08,107.86,85.015,283.42,1
19,4076,273.22,107.86,89.791,283.42,1
19,4077,268.44,107.86,94.567,283.42,1
19,4078,265.57,107.86,101.25,283.42,1
19,4079,260.8,107.86,106.03,283.42,1
19,4080,260.8,108.81,103.16,282.47,1
19,4081,260.8,108.81,103.16,282.47,1
19,4082,254.11,108.81,100.3,279.6,1
19,4083,243.6,108.81,110.81,278.65,1
19,4084,234.05,108.81,116.54,280.56,1
19,4085,234.05,113.58,115.58,282.47,1
19,4086,235.96,116.44,117.49,292.01,1
19,4087,243.6,113.58,128,296.78,1
19,4088,258.89,116.44,120.36,309.18,1
19,4089,269.4,121.22,112.72,323.5,1
19,4090,269.4,121.22,112.72,329.22,1
19,4091,256.98,121.22,125.13,337.81,1
19,4149,356.32,115.49,68.776,255.75,1
19,4150,296.14,115.49,110.81,255.75,1
19,4151,278.95,115.49,128,255.75,1
19,4152,278.95,113.58,107.94,257.65,1
19,4153,261.75,113.58,93.612,265.29,1
19,4154,246.47,117.4,101.25,261.47,1
19,4155,246.47,117.4,101.25,279.6,1
19,4156,246.47,117.4,101.25,279.6,1
19,4157,235.01,119.31,110.81,289.15,1
19,4158,231.19,130.76,105.07,307.28,1
19,4159,210.17,125.99,118.45,315.86,1
19,4160,198.71,128.85,129.91,323.5,1
19,4161,180.56,132.67,160.48,333.04,1
19,4162,169.1,132.67,174.81,333.04,1
19,4163,157.63,132.67,177.67,333.04,1
19,4164,157.63,132.67,171.94,333.04,1
19,4165,157.63,132.67,171.94,333.04,1
19,4166,174.83,132.67,154.75,333.04,1
19,4220,225.46,146.03,115.58,331.13,1
19,4221,211.13,132.67,106.03,308.23,1
19,4222,198.71,135.53,102.21,303.46,1
19,4223,187.25,127.9,106.03,272.92,1
19,4224,165.28,124.08,128,272.92,1
19,4225,165.28,124.08,120.36,264.33,1
19,4384,180.56,123.12,123.22,321.59,1
19,4385,197.75,121.22,107.94,311.09,1
19,4386,197.75,116.44,120.36,311.09,1
19,4387,197.75,116.44,115.58,311.09,1
19,4388,179.6,115.49,124.18,305.37,1
19,4391,255.07,121.22,76.418,249.07,1
19,4392,268.44,126.94,85.015,257.65,1
19,4393,293.28,129.69,78.3,257.77,1
19,4394,308.49,128.85,95.591,270.06,1
19,4395,323.84,137.44,80.759,283.42,1
19,4396,335.5,133.62,91.503,299.15,1
19,4397,345.06,148.2,102,312.73,1
19,4398,353.66,154.91,108.69,325.59,1
19,4399,362.45,151.75,115.19,328.75,1
19,4530,186.4,75.076,34.54,125.79,1
19,4531,180.99,76.401,38.603,125.92,1
19,4532,173.54,77.697,50.477,126.08,1
19,4533,175.57,78.966,53.769,127.97,1
19,4534,180.97,80.207,53.805,128.16,1
19,4535,180.31,81.413,56.212,134.34,1
19,4536,185.05,82.587,54.18,137.91,1
19,4537,190.53,83.745,54.232,138.15,1
19,4538,195.74,84.87,54.391,138.86,1
19,4539,200.69,85.961,54.656,140.05,1
19,4540,205.38,87.021,55.03,141.74,1
19,4541,209.82,88.051,59.212,152.79,1
19,4542,214.12,89.076,59.285,153.2,1
19,4543,218.15,90.067,59.508,154.44,1
19,4544,221.91,88.975,65.403,164.75,1
19,4545,225.5,90.324,65.45,165.36,1
19,4546,228.8,91.589,65.6,175.69,1
19,4547,231.9,92.793,65.686,176.49,1
19,4548,234.73,93.914,65.953,186.25,1
19,4549,237.3,94.955,66.414,192.66,1
19,4550,239.62,94.398,67.08,194.58,1
19,4551,241.73,96.83,67.963,206.38,1
19,4552,243.62,97.674,72.814,211.64,1
19,4553,245.33,98.466,70.434,212.2,1
19,4554,246.68,99.144,75.175,234.58,1
19,4555,244.21,100.15,80.43,243.44,1
19,4556,236.89,101.42,85.924,239.08,1
19,4557,231.1,107.28,85.469,249.49,1
19,4558,208.3,104.79,97.787,251.98,1
19,4559,169.47,106.9,122.06,263.53,1
19,4560,162.02,109.31,111.07,264.41,1
19,4601,181.51,140.3,114.63,296.78,1
19,4602,215.9,142.21,111.76,287.24,1
19,4603,259.84,135.53,101.25,257.65,1
19,4604,283.72,135.53,120.36,254.79,1
19,4605,319.07,131.71,107.94,242.39,1
19,4904,206.35,110.72,91.701,270.06,1
19,4905,248.38,110.72,117.49,271.01,1
19,4906,257.93,110.72,143.28,271.01,1
19,4907,332.44,110.72,85.97,262.43,1
19,4912,217.81,132.67,104.12,310.14,1
19,4913,234.05,132.67,87.881,310.14,1
19,4914,246.47,132.67,87.881,310.14,1
19,4915,253.16,128.85,91.701,289.15,1
19,4916,256.98,125.99,91.701,288.19,1
19,4919,222.59,125.99,110.81,319.68,1
19,4920,222.46,123.8,103.12,306.38,1
19,4921,212.08,121.67,106.01,284.88,1
19,4922,210.17,119.59,101.11,286.96,1
19,4923,220.75,117.57,84.752,272.24,1
19,4924,219.83,115.6,81.296,263.23,1
19,4925,218.77,113.7,79.726,255.63,1
19,4926,207.31,111.84,88.327,254.62,1
19,4927,280.86,106.9,81.194,230.93,1
19,4927,198.71,105.95,85.97,243.34,1
19,4928,277.04,106.9,81.194,226.16,1
19,4928,195.84,104.04,84.06,238.57,1
19,4929,277.04,102.13,77.373,222.35,1
19,4929,195.84,106.61,81.194,235.04,1
19,4930,277.04,102.13,74.507,214.71,1
19,4930,199.66,104.99,78.328,229.98,1
19,4931,277.04,102.13,74.507,214.71,1
19,4931,203.49,100.22,72.466,219.48,1
19,4932,277.04,102.13,80.239,201.35,1
19,4932,207.31,101.91,66.494,218.99,1
19,4933,277.04,99.267,80.239,204.21,1
19,4933,197.75,100.43,73.824,212.6,1
19,4934,280.86,99.267,73.552,201.35,1
19,4934,194.9,98.983,74.424,207.55,1
19,4935,280.86,99.267,67.821,197.53,1
19,4935,194.09,97.577,72.986,202.02,1
19,4936,273.22,95.45,67.821,190.85,1
19,4936,193.42,96.211,71.466,196.81,1
19,4937,263.66,95.45,74.507,190.85,1
19,4937,192.86,94.884,69.915,192.07,1
19,4938,263.66,95.45,69.731,187.04,1
19,4938,192.41,93.598,68.384,187.94,1
19,4939,263.66,91.633,67.821,182.27,1
19,4939,192.02,92.354,66.799,186.32,1
19,4940,263.66,91.633,67.821,182.27,1
19,4941,171.51,118.13,78.561,261.02,1
19,4941,257.93,91.633,66.866,175.59,1
19,4942,201.98,122.19,112.42,265.76,1
19,4943,220.94,122.19,98.878,285.42,1
19,4944,231.1,122.19,114.46,314.58,1
19,4944,191.07,87.816,59.224,172.72,1
19,4945,231.78,131.01,134.1,329.49,1
19,4945,191.07,87.816,53.493,165.09,1
19,4946,258.87,142.53,130.03,321.36,1
19,4946,187.25,87.816,57.313,163.18,1
19,4947,246.47,85.908,64.955,164.14,1
19,4947,184.38,83.045,53.493,160.32,1
19,4948,240.74,85.908,66.866,153.64,1
19,4948,184.38,83.045,49.672,157.46,1
19,4949,234.05,85.908,72.597,150.78,1
19,4949,184.38,83.045,49.672,157.46,1
19,4950,226.41,85.908,76.418,152.68,1
19,4950,184.38,83.045,49.672,149.82,1
19,4951,226.41,85.908,76.418,152.68,1
19,4951,184.38,83.045,49.672,149.82,1
19,4952,230.23,81.136,72.597,147.91,1
19,4952,178.65,83.045,49.672,146,1
19,4953,235.96,82.09,62.09,146.96,1
19,4953,174.83,83.045,47.761,141.23,1
19,4954,234.05,82.09,60.179,146.96,1
19,4954,170.05,80.182,44.896,141.23,1
19,4955,224.5,82.09,63.045,139.32,1
19,4955,167.19,80.182,43.94,141.23,1
19,4956,220.68,82.09,57.313,140.28,1
19,4957,225.46,82.09,52.537,140.28,1
19,4958,225.46,82.09,52.537,140.28,1
19,4959,225.46,82.09,52.537,140.28,1
19,4960,213.04,78.273,51.582,137.42,1
19,4961,207.31,78.273,52.537,137.42,1
19,4962,203.49,78.273,50.627,137.42,1
19,4963,196.8,78.273,43.94,136.46,1
19,4964,190.11,78.273,45.851,136.46,1
19,4965,184.38,78.273,45.851,136.46,1
19,4966,178.65,78.273,46.806,136.46,1
19,4967,170.05,78.273,52.537,136.46,1
19,4968,170.05,78.273,52.537,136.46,1
19,5048,237.87,129.8,80.239,294.87,1
19,5049,256.02,129.8,85.97,294.87,1
19,5050,282.77,129.8,80.239,287.24,1
19,5051,303.78,125.03,85.97,265.29,1
19,5162,336.26,122.17,75.463,263.38,1
19,5163,300.92,125.03,90.746,262.43,1
19,5164,287.54,132.67,90.746,278.65,1
19,5165,280.86,128.85,92.657,290.1,1
19,5166,268.44,135.53,107.94,309.18,1
19,5167,270.35,144.12,101.25,324.45,1
19,5168,276.08,144.12,107.94,326.36,1
19,5199,163.37,81.136,41.075,134.55,1
19,5200,170.05,83.999,49.672,136.46,1
19,5201,177.69,83.999,42.03,136.46,1
19,5202,190.11,83.999,45.851,136.46,1
19,5203,198.71,83.999,62.09,142.19,1
19,5204,207.31,83.999,53.493,142.19,1
19,5205,215.9,83.999,72.597,149.82,1
19,5206,220.68,84.953,77.373,154.59,1
19,5207,229.28,84.953,57.313,154.59,1
19,5208,233.1,84.953,59.224,161.27,1
19,5209,238.83,84.953,63.045,167.95,1
19,5210,248.38,84.953,64,167.95,1
19,5211,253.16,87.816,64,172.72,1
19,5212,253.16,87.816,64,176.54,1
19,5213,253.16,87.816,64,176.54,1
19,5214,253.16,91.633,66.866,183.22,1
19,5215,253.16,91.633,66.866,190.85,1
19,5216,253.16,91.633,72.597,191.81,1
19,5217,253.16,97.359,72.597,198.49,1
19,5218,253.16,97.359,72.597,198.49,1
19,5219,253.16,97.359,72.597,206.12,1
19,5220,253.16,102.13,72.597,213.76,1
19,5221,263.66,102.13,71.642,215.67,1
19,5222,263.66,102.13,79.284,221.39,1
19,5223,263.66,107.86,80.239,230.93,1
19,5224,263.66,107.86,80.239,231.89,1
19,5225,263.66,107.86,85.015,240.48,1
19,5226,275.13,117.4,80.239,244.29,1
19,5227,277.04,117.4,86.925,247.16,1
19,5228,284.68,118.35,85.015,251.93,1
19,5229,279.9,125.03,89.791,259.56,1
19,5230,274.17,125.99,90.746,268.15,1
19,5231,267.49,125.99,90.746,269.11,1
19,5232,260.8,129.8,97.433,283.42,1
19,5233,260.8,129.8,101.25,292.96,1
19,5234,253.16,129.8,91.701,294.87,1
19,5235,220.68,134.58,106.03,296.78,1
19,5236,210.17,134.58,109.85,304.41,1
19,5237,162.41,134.58,132.78,316.82,1
19,5238,153.81,134.58,128,332.09,1
19,5365,271.31,118.35,127.04,271.97,1
19,5366,261.75,115.49,115.58,281.51,1
19,5367,218.77,116.44,149.97,300.6,1
19,5368,216.86,125.99,147.1,312.05,1
19,5369,225.46,125.03,132.78,324.45,1
19,5370,225.46,126.94,126.09,341.63,1
19,5707,164.32,139.35,75.463,331.13,1
19,5708,175.78,139.35,100.3,331.13,1
19,5709,181.51,124.08,99.343,346.4,1
19,5710,204.44,73.502,83.104,402.7,1
19,5859,208.26,145.07,223.52,331.13,1
19,5865,210.17,143.16,119.4,337.34,1
19,5866,215.9,129.8,99.343,319.68,1
19,5867,209.22,131.71,88.836,310.14,1
19,5868,189.16,121.22,98.388,280.56,1
19,5869,189.16,121.22,98.388,271.97,1
19,5870,189.16,121.22,98.388,264.33,1
19,5871,204.44,107.86,81.194,250.02,1
19,5872,206.35,112.63,73.552,244.29,1
19,5873,197.75,104.99,77.373,231.89,1
19,5874,195.84,100.22,83.104,227.12,1
19,5875,198.71,105.95,80.239,221.39,1
19,5876,209.22,97.359,71.642,205.17,1
19,5877,211.13,97.359,69.731,205.17,1
19,5878,206.35,97.359,63.045,205.17,1
19,5879,198.71,91.633,61.134,193.72,1
19,5880,198.71,91.633,61.134,193.72,1
19,5881,198.71,91.633,61.134,193.72,1
19,5882,205.4,86.862,58.269,183.22,1
19,5883,205.4,86.862,58.269,183.22,1
19,5884,205.4,86.862,56.358,176.54,1
19,5885,205.4,86.862,55.403,167,1
19,5886,205.4,86.862,55.403,167,1
19,5887,213.99,86.862,59.224,156.5,1
19,5888,222.59,83.045,54.448,160.32,1
19,5889,228.32,83.045,48.716,160.32,1
19,5890,228.32,83.045,48.716,153.64,1
19,5891,228.32,83.045,48.716,153.64,1
19,5892,234.05,83.045,46.806,149.82,1
19,5893,240.74,80.182,46.806,147.91,1
19,5894,245.51,80.182,43.94,143.14,1
19,5895,245.51,80.182,43.94,143.14,1
19,5896,245.51,80.182,41.075,143.14,1
19,5897,245.51,80.182,41.075,143.14,1
19,5898,245.51,80.182,41.075,143.14,1
19,5899,238.83,80.182,47.761,143.14,1
19,5900,235.96,80.182,50.627,147.91,1
19,5901,234.05,80.182,52.537,155.55,1
19,5902,233.1,80.182,53.493,156.5,1
19,5903,221.63,80.182,64.955,159.36,1
19,5904,195.84,85.908,103.16,162.23,1
19,5905,206.35,85.908,82.149,162.23,1
19,5906,197.75,85.908,98.388,167.95,1
19,5907,190.11,85.908,90.746,180.36,1
19,5908,185.34,85.908,93.612,180.36,1
19,5909,187.25,85.908,111.76,188.95,1
19,5910,187.25,83.045,114.63,199.44,1
19,5911,177.69,91.633,136.6,191.81,1
19,5912,180.56,97.359,88.836,200.4,1
19,5913,180.56,97.359,109.85,206.12,1
19,5914,200.62,96.405,124.18,207.08,1
19,5915,164.32,93.542,156.66,229.03,1
19,5916,173.87,103.08,145.19,228.07,1
19,5917,166.23,103.08,114.63,227.12,1
19,5918,172.92,114.54,132.78,239.52,1
19,5919,198.71,111.67,140.42,248.11,1
19,5920,177.69,113.58,181.49,260.52,1
19,5921,166.23,122.17,186.27,270.06,1
19,5922,168.14,120.26,115.58,271.97,1
19,5923,171.01,125.03,103.16,294.87,1
19,5924,154.77,131.71,136.6,302.5,1
19,5925,154.77,131.71,135.64,302.5,1
19,5926,150.95,141.26,123.22,317.77,1
19,5927,148.08,146.98,115.58,318.73,1
19,6029,193.93,133.62,107.94,323.5,1
19,6030,192.02,125.99,103.16,310.14,1
19,6031,192.02,125.99,99.343,302.5,1
19,6032,196.8,116.44,97.433,271.97,1
19,6033,196.8,116.44,97.433,271.97,1
19,6034,192.98,112.63,95.522,263.38,1
19,6035,189.16,106.9,90.746,242.39,1
19,6036,189.16,109.76,85.97,239.52,1
19,6037,187.25,103.08,90.746,225.21,1
19,6038,187.25,103.08,85.015,216.62,1
19,6039,182.47,104.99,85.97,209.94,1
19,6040,181.51,99.267,75.463,196.58,1
19,6041,189.16,103.08,60.179,192.76,1
19,6042,192.02,96.405,58.269,186.08,1
19,6043,192.98,90.679,56.358,185.13,1
19,6044,192.98,90.679,56.358,185.13,1
19,6045,181.51,87.816,64.955,169.86,1
19,6046,186.29,90.679,52.537,167,1
19,6047,186.29,90.679,52.537,167,1
19,6048,181.51,84.953,54.448,158.41,1
19,6049,178.65,85.908,54.448,154.59,1
19,6050,173.87,84.953,56.358,148.87,1
19,6051,171.96,83.045,53.493,146.96,1
19,6052,171.96,83.045,53.493,146.96,1
19,6053,169.1,81.136,49.672,139.32,1
19,6054,169.1,81.136,42.03,136.46,1
19,6070,160.5,146.03,231.16,317.77,1
19,6071,164.32,146.03,217.79,308.23,1
19,6072,172.92,137.44,192,284.37,1
19,6073,237.87,134.58,117.49,280.56,1
19,6074,256.98,133.62,94.567,273.88,1
19,6075,258.89,126.94,106.03,248.11,1
19,6076,258.89,126.94,102.21,245.25,1
19,6077,254.11,121.22,89.791,242.39,1
19,6078,241.69,116.44,92.657,227.12,1
19,6079,222.59,115.49,104.12,227.12,1
19,6080,227.37,111.67,98.388,212.8,1
19,6081,243.6,107.86,75.463,207.08,1
19,6082,240.74,108.81,71.642,206.12,1
19,6083,233.1,102.13,70.687,194.67,1
19,6084,228.32,104.04,71.642,189.9,1
19,6085,228.32,104.04,71.642,189.9,1
19,6086,222.59,101.18,68.776,173.68,1
19,6087,218.77,91.633,64.955,183.22,1
19,6088,212.08,83.999,63.045,184.17,1
19,6089,201.57,96.405,66.866,161.27,1
19,6090,201.57,97.359,62.09,161.27,1
19,6091,207.31,93.542,55.403,157.46,1
19,6092,204.44,92.587,54.448,150.78,1
19,6093,199.66,89.725,51.582,154.59,1
19,6094,194.89,89.725,47.761,146,1
19,6095,188.2,89.725,51.582,141.23,1
19,6096,184.38,89.725,55.403,141.23,1
19,6097,179.6,86.862,50.627,135.51,1
19,6276,169.1,81.136,42.985,135.51,1
19,6277,173.87,83.045,61.134,136.46,1
19,6278,189.16,81.136,51.582,138.37,1
19,6279,204.44,81.136,68.776,145.05,1
19,6280,218.77,82.09,64.955,146.96,1
19,6281,234.05,82.09,49.672,146.96,1
19,6282,171.96,86.862,56.358,137.42,1
19,6282,239.78,84.953,64,148.87,1
19,6283,183.43,87.816,52.537,145.05,1
19,6283,250.29,83.999,54.448,153.64,1
19,6284,191.07,86.862,54.448,146,1
19,6284,253.16,83.045,59.224,154.59,1
19,6285,195.84,89.725,60.179,153.64,1
19,6285,263.66,88.77,51.582,161.27,1
19,6286,200.62,89.725,55.403,157.46,1
19,6286,263.66,88.77,51.582,161.27,1
19,6287,200.62,89.725,60.179,157.46,1
19,6287,256.98,86.862,60.179,166.04,1
19,6288,203.49,94.496,59.224,158.41,1
19,6288,252.2,90.679,67.821,174.63,1
19,6289,209.22,97.359,58.269,162.23,1
19,6289,260.8,90.679,59.224,176.54,1
19,6290,209.22,97.359,60.179,157.46,1
19,6290,266.53,90.679,56.358,184.17,1
19,6291,261.75,95.45,61.134,189.9,1
19,6292,254.11,92.587,68.776,188.95,1
19,6293,247.43,96.405,73.552,199.44,1
19,6294,244.56,97.359,79.284,206.12,1
19,6295,244.56,97.359,79.284,206.12,1
19,6296,248.38,104.04,81.194,215.67,1
19,6297,233.1,104.04,96.478,222.35,1
19,6298,211.13,103.08,117.49,226.16,1
19,6299,218.77,109.76,114.63,233.8,1
19,6300,231.19,107.86,111.76,242.39,1
19,6301,241.69,111.67,107.94,250.97,1
19,6302,227.37,119.31,128.96,262.43,1
19,6303,227.37,119.31,128.96,262.43,1
19,6304,224.5,121.22,138.51,271.01,1
19,6305,235.01,129.8,137.55,288.19,1
19,6306,190.11,129.8,96.478,270.06,1
19,6306,277.04,130.76,106.99,287.24,1
19,6307,190.11,132.67,110.81,292.01,1
19,6307,277.99,133.62,113.67,307.28,1
19,6308,189.16,143.16,109.85,303.46,1
19,6308,281.81,141.26,117.49,324.45,1
19,6309,186.29,143.16,112.72,307.28,1
19,6309,291.37,139.35,107.94,326.36,1
19,6310,186.29,149.84,110.81,323.5,1
19,6373,178.65,130.76,115.58,302.5,1
19,6374,192.98,131.71,111.76,296.78,1
19,6375,210.17,125.03,89.791,271.97,1
19,6376,222.59,123.12,82.149,273.88,1
19,6377,232.14,123.12,85.015,261.47,1
19,6378,236.92,117.4,84.06,246.2,1
19,6379,236.92,117.4,84.06,246.2,1
19,6380,240.74,117.4,77.373,235.71,1
19,6381,242.65,111.67,72.597,223.3,1
19,6382,252.2,110.72,63.045,223.3,1
19,6383,252.2,108.81,65.91,212.8,1
19,6384,253.16,104.99,69.731,208.03,1
19,6385,253.16,104.99,69.731,208.03,1
19,6386,253.16,101.18,66.866,195.63,1
19,6387,253.16,101.18,64,191.81,1
19,6388,253.16,101.18,64,191.81,1
19,6389,253.16,97.359,60.179,179.4,1
19,6390,253.16,97.359,56.358,180.36,1
19,6391,250.29,97.359,55.403,177.5,1
19,6392,243.6,94.496,57.313,167.95,1
19,6393,237.87,92.587,56.358,167.95,1
19,6394,235.01,92.587,52.537,167,1
19,6395,233.1,89.725,50.627,160.32,1
19,6396,228.32,89.725,47.761,159.36,1
19,6397,217.81,89.725,54.448,156.5,1
19,6398,211.13,86.862,49.672,149.82,1
19,6399,203.49,85.908,51.582,150.78,1
19,6400,198.71,85.908,53.493,148.87,1
19,6401,190.11,84.953,52.537,144.1,1
19,6402,181.51,84.953,51.582,139.32,1
19,6403,177.69,84.953,49.672,134.55,1
19,6404,166.23,83.045,44.896,135.51,1
19,6877,346.77,144.12,117.49,327.32,1
19,6878,322.89,141.26,128.96,331.13,1
19,6879,320.02,136.48,122.27,320.64,1
19,6880,174.83,140.3,107.94,340.2,1
19,6880,322.89,129.8,106.99,297.73,1
19,6881,177.69,134.58,109.85,313,1
19,6881,314.29,129.8,99.343,294.87,1
19,6882,177.69,134.58,109.85,313,1
19,6882,304.74,122.17,88.836,280.56,1
19,6883,177.69,134.58,103.16,305.37,1
19,6883,285.63,120.26,98.388,270.06,1
19,6884,175.78,125.99,101.25,287.24,1
19,6884,276.08,119.31,100.3,264.33,1
19,6885,175.78,125.99,101.25,287.24,1
19,6885,281.81,114.59,90.746,248.06,1
19,6886,181.51,125.99,95.522,287.24,1
19,6886,282.77,111.96,85.015,244.04,1
19,6887,190.11,121.22,90.746,271.97,1
19,6887,281.12,109.8,73.293,240.87,1
19,6888,194.89,116.44,89.791,264.33,1
19,6889,199.66,119.31,85.015,261.47,1
19,6890,200.62,114.54,83.104,252.88,1
19,6891,204.44,108.81,80.239,248.11,1
19,6892,204.44,108.81,80.239,248.11,1
19,6892,264.62,105.95,66.866,217.57,1
19,6893,195.84,111.67,85.015,238.57,1
19,6893,280.86,105.95,71.642,219.48,1
19,6894,185.34,111.67,87.881,229.98,1
19,6894,280.86,108.81,79.284,216.62,1
19,6895,176.74,107.86,79.284,225.21,1
19,6895,288.5,111.67,77.373,213.76,1
19,6896,176.74,107.86,79.284,225.21,1
19,6896,265.57,115.49,93.612,217.57,1
19,6897,186.29,104.04,71.642,217.57,1
19,6897,240.74,119.31,108.9,223.3,1
19,6898,207.31,118.35,120.36,224.25,1
19,6899,177.69,116.44,128,238.57,1
19,6900,158.59,123.12,131.82,242.39,1
19,6901,157.63,124.08,113.67,249.07,1
19,6904,214.95,90.679,63.045,180.36,1
19,6905,214.95,90.679,63.045,180.36,1
19,6906,212.08,87.816,61.134,166.04,1
19,6907,212.08,87.816,55.403,167,1
19,6908,212.08,87.816,55.403,167,1
19,6909,212.08,84.953,55.403,159.36,1
19,6910,212.08,84.953,49.672,159.36,1
19,6911,204.44,84.953,52.537,154.59,1
19,6912,196.8,84.953,53.493,146,1
19,6913,191.07,84.953,53.493,147.91,1
19,6914,190.11,83.045,47.761,142.19,1
19,6915,176.74,83.045,50.627,138.37,1
19,6916,167.19,83.045,54.448,138.37,1
19,7158,193.93,114.54,83.104,247.16,1
19,7159,200.62,114.54,100.3,243.34,1
19,7160,213.04,114.54,96.478,243.34,1
19,7161,219.72,106.9,85.97,229.98,1
19,7162,225.46,106.9,80.239,225.21,1
19,7163,232.14,106.9,82.149,220.44,1
19,7164,241.69,103.08,80.239,206.12,1
19,7165,241.69,103.08,80.239,206.12,1
19,7166,241.69,103.08,74.507,201.35,1
19,7167,235.01,97.359,71.642,193.72,1
19,7168,232.14,97.359,74.507,190.85,1
19,7169,232.14,97.359,74.507,185.13,1
19,7170,236.92,92.587,70.687,180.36,1
19,7171,236.92,92.587,62.09,180.36,1
19,7172,232.14,92.587,61.134,165.09,1
19,7173,228.32,89.725,58.269,167,1
19,7174,235.01,89.725,51.582,167,1
19,7175,235.01,89.725,51.582,167,1
19,7176,235.01,86.862,45.851,169.86,1
19,7177,235.01,86.862,45.851,169.86,1
19,7178,230.23,86.862,61.134,169.86,1
19,7179,235.01,90.679,61.134,166.04,1
19,7180,235.01,93.542,58.269,169.86,1
19,7181,226.41,92.587,62.09,181.31,1
19,7182,216.86,92.587,67.821,182.27,1
19,7183,213.04,95.45,64.955,189.9,1
19,7184,210.17,97.359,67.821,197.53,1
19,7185,210.17,97.359,70.687,197.53,1
19,7186,205.4,103.08,75.463,205.17,1
19,7187,198.71,103.08,76.418,212.8,1
19,7188,192.02,104.04,78.328,222.35,1
19,7189,190.11,110.72,81.194,228.07,1
19,7190,193.93,113.58,84.06,229.98,1
19,7191,195.84,117.4,90.746,240.48,1
19,7192,192.02,119.31,96.478,253.84,1
19,7193,186.29,123.12,94.567,254.79,1
19,7194,188.2,130.76,93.612,267.2,1
19,7195,199.66,133.62,96.478,275.79,1
19,7196,204.44,140.3,112.72,293.92,1
19,7197,199.66,145.07,125.13,309.18,1
19,7198,194.89,145.07,124.18,309.18,1
19,7352,171.96,125.03,94.567,313,1
19,7353,189.16,125.03,92.657,313,1
19,7354,191.87,121.16,96.628,305.42,1
19,7355,201.57,117.45,95.522,282.42,1
19,7356,208.26,116.44,101.25,284.37,1
19,7357,215.9,110.74,104.12,263.36,1
19,7358,203.49,107.86,117.49,266.24,1
19,7359,211.13,107.86,98.388,255.3,1
19,7360,227.37,103.08,82.149,241.43,1
19,7361,235.01,103.08,81.194,238.97,1
19,7362,237.87,97.112,80.239,234.94,1
19,7363,229.28,94.849,89.791,225.81,1
19,7364,223.54,98.313,89.791,220.44,1
19,7365,228.99,93.542,79.57,208.03,1
19,7366,230.23,90.679,84.06,207.08,1
19,7367,230.76,90.239,80.413,204.66,1
19,7368,231.22,89.941,76.665,193.58,1
19,7369,231.61,89.716,73.066,187,1
19,7370,231.9,89.493,69.863,183.45,1
19,7371,232.08,89.201,67.306,175.38,1
19,7372,232.14,88.77,65.643,175.59,1
19,7373,231.45,88.028,65.646,166.93,1
19,7374,229.57,86.905,63.577,163.37,1
19,7375,233.1,85.485,56.5,164.56,1
19,7376,227.37,83.853,58.332,155.69,1
19,7377,219.72,82.09,62.09,155.55,1
19,7378,217.81,82.09,59.224,158.41,1
19,7379,217.81,82.09,59.224,158.41,1
19,7380,208.26,82.09,47.761,148.87,1
19,7381,198.71,81.136,50.627,146.96,1
19,7382,192.02,79.228,44.896,144.1,1
19,7383,186.29,79.228,43.94,140.28,1
19,7384,174.83,81.136,48.716,136.46,1
19,7385,168.14,81.136,47.761,136.46,1
19,7561,163.37,82.09,57.313,132.64,1
19,7562,163.37,82.09,69.731,145.05,1
19,7563,179.6,82.09,58.269,145.05,1
19,7564,190.11,82.09,53.493,146,1
19,7565,197.75,82.09,52.537,152.68,1
19,7566,197.75,82.09,56.358,161.27,1
19,7567,197.75,82.09,56.358,161.27,1
19,7568,197.89,83.249,60.829,164.17,1
19,7569,198.25,84.524,64.403,167.71,1
19,7570,198.71,85.908,65.91,171.77,1
19,7571,199.4,87.43,65.97,176.67,1
19,7572,191.07,89.088,75.375,182.45,1
19,7573,199.66,90.832,68.135,184.98,1
19,7574,203.32,92.61,66.076,194.65,1
19,7575,205.47,89.725,65.833,198.49,1
19,7576,201.57,96.405,80.239,206.19,1
19,7577,206.35,98.462,74.667,208.84,1
19,7578,214.99,97.359,71.308,215.67,1
19,7579,217.81,102.13,73.552,224.25,1
19,7580,225.46,102.13,71.723,229.03,1
19,7581,222.59,103.08,88.836,239.26,1
19,7582,223.82,106.19,95.244,250.73,1
19,7583,226.41,107.86,92.281,252.88,1
19,7584,230.06,110.04,94.811,262.37,1
19,7585,241.69,117.4,89.724,271.97,1
19,7586,246.47,113.58,103.16,278.65,1
19,7587,239.78,125.03,122.27,296.78,1
19,7588,249.34,122.77,112.72,309.37,1
19,7589,260.6,126.52,105.27,321.06,1
19,7590,268.72,139.35,112.55,341.15,1
19,7591,277.99,135.53,125.13,343.54,1
19,7671,184.38,120.26,88.836,322.54,1
19,7672,195.55,121.78,85.949,318.78,1
19,7673,203.91,122.9,84.881,316.87,1
19,7674,209.22,123.6,84.727,316.34,1
19,7675,211.86,123.94,86.996,318,1
19,7676,215.58,124.06,86.934,315.35,1
19,7677,217.81,124.08,86.925,312.05,1
19,7678,218.75,120.79,91.721,315.33,1
19,7679,219.72,116.44,92.657,280.56,1
19,7680,228.32,114.79,91.701,283.16,1
19,7682,246.47,107.86,86.925,257.65,1
19,7683,250.29,105.95,85.97,255.75,1
19,7684,247.43,109.76,81.194,247.16,1
19,7685,240.74,104.04,81.194,233,1
19,7686,239.13,101.58,79.107,226.71,1
19,7687,238.27,104.99,74.817,221.39,1
19,7688,236.92,98.313,71.28,208.03,1
19,7689,232.2,96.467,69.438,202.88,1
19,7690,224.44,99.267,68.016,200.4,1
19,7691,217.2,92.85,66.645,188.68,1
19,7692,213.99,91.076,64.955,190.46,1
19,7693,214.06,94.496,62.755,180.51,1
19,7694,214.56,87.605,60.172,175.8,1
19,7695,215.9,85.908,57.313,175.59,1
19,7696,212.08,85.908,57.313,173.68,1
19,7697,210.17,83.045,53.493,163.18,1
19,7698,209.22,83.045,52.537,163.18,1
19,7699,207.31,83.045,51.582,162.23,1
19,7700,207.31,81.136,48.716,153.64,1
19,7701,205.4,81.136,46.806,148.87,1
19,7702,194.89,83.999,51.582,146,1
19,7703,185.34,80.182,55.403,142.19,1
19,7704,179.6,80.182,45.851,139.32,1
19,7705,174.83,80.182,45.851,138.37,1
19,7706,167.19,80.182,47.761,134.55,1
19,7983,211.13,135.53,104.12,343.54,1
19,7984,187.25,130.76,120.36,335.9,1
19,7985,177.69,130.76,129.91,335.9,1
19,7986,190.11,130.76,125.13,325.41,1
19,7987,214.95,125.03,111.76,298.69,1
19,7988,229.28,123.12,104.12,298.69,1
19,7989,234.05,123.12,110.81,294.87,1
19,7989,166.23,82.09,43.94,138.37,1
19,7990,259.84,115.49,96.478,277.69,1
19,7990,173.87,80.182,43.94,142.19,1
19,7991,289.46,115.49,86.925,277.69,1
19,7991,177.69,80.182,55.403,142.19,1
19,7992,296.14,121.22,107.94,265.29,1
19,7992,187.25,81.136,56.358,149.82,1
19,7993,315.25,115.49,93.612,258.61,1
19,7993,190.11,81.136,62.09,149.82,1
19,7994,195.84,81.136,65.91,152.68,1
19,7995,195.84,84.953,64,159.36,1
19,7996,193.93,82.09,64,159.36,1
19,7997,194.89,84.953,66.866,166.04,1
19,7998,199.66,87.816,70.687,173.68,1
19,7999,204.44,83.999,71.642,180.36,1
19,8000,203.49,88.77,72.597,181.31,1
19,8001,203.49,93.542,68.776,187.99,1
19,8002,201.57,89.725,74.507,193.72,1
19,8003,201.57,95.45,82.149,198.49,1
19,8004,207.31,97.359,84.06,206.12,1
19,8005,207.31,97.359,84.06,206.12,1
19,8006,208.26,102.13,85.015,221.39,1
19,8007,205.4,102.13,84.06,229.98,1
19,8008,200.62,103.08,96.478,235.71,1
19,8009,202.53,110.72,103.16,247.16,1
19,8010,214.95,106.9,100.3,255.75,1
19,8011,219.72,110.72,102.21,269.11,1
19,8012,219.72,121.22,106.99,283.42,1
19,8013,224.5,116.44,110.81,291.05,1
19,8014,233.1,125.99,117.49,301.55,1
19,8015,248.38,133.62,119.4,323.5,1
19,8016,257.93,128.85,125.13,328.27,1
19,8060,164.32,80.182,43.94,141.23,1
19,8061,174.83,80.182,54.448,141.23,1
19,8062,185.34,80.182,49.672,141.23,1
19,8063,194.89,80.182,46.806,141.23,1
19,8064,202.53,80.182,50.627,141.23,1
19,8065,208.26,80.182,62.09,141.23,1
19,8066,217.81,80.182,57.313,141.23,1
19,8067,224.5,80.182,62.09,141.23,1
19,8068,229.28,80.182,57.313,149.82,1
19,8068,161.46,82.09,59.224,140.28,1
19,8069,230.23,80.182,56.358,149.82,1
19,8069,171.01,83.999,55.403,138.37,1
19,8070,233.1,80.182,53.493,149.82,1
19,8070,178.65,83.999,55.403,140.28,1
19,8071,236.92,80.182,51.582,154.59,1
19,8071,188.2,83.999,49.672,146,1
19,8072,236.92,80.182,53.493,160.32,1
19,8072,188.2,83.999,53.493,146,1
19,8073,239.78,83.999,54.448,157.46,1
19,8073,188.2,83.999,55.403,150.78,1
19,8074,239.78,83.999,58.269,159.36,1
19,8074,184.38,83.999,59.224,158.41,1
19,8075,241.69,85.908,57.313,164.14,1
19,8075,184.38,86.862,52.537,155.55,1
19,8076,241.69,85.908,57.313,164.14,1
19,8076,180.56,86.862,56.358,162.23,1
19,8077,241.69,85.908,57.313,164.14,1
19,8077,177.69,88.77,58.269,166.04,1
19,8078,241.69,88.77,60.179,173.68,1
19,8078,177.69,88.77,58.269,166.04,1
19,8079,249.34,89.725,59.224,175.59,1
19,8079,174.83,88.77,61.134,170.82,1
19,8080,249.34,89.725,69.731,178.45,1
19,8080,170.05,92.587,61.134,177.5,1
19,8081,256.02,89.725,64,186.08,1
19,8081,170.05,92.587,61.134,177.5,1
19,8082,256.02,91.633,64,184.17,1
19,8082,168.14,94.496,63.045,182.27,1
19,8083,261.75,91.633,65.91,188.95,1
19,8083,171.01,97.359,64,187.99,1
19,8084,264.62,94.496,61.134,192.76,1
19,8084,171.01,97.359,67.821,188.95,1
19,8085,267.49,97.359,64.955,198.49,1
19,8085,171.96,102.13,67.821,193.72,1
19,8086,267.49,97.359,72.597,199.44,1
19,8086,171.96,102.13,67.821,193.72,1
19,8087,258.89,97.359,87.881,205.17,1
19,8087,171.96,102.13,66.866,197.53,1
19,8088,268.44,102.13,76.418,208.99,1
19,8088,171.96,102.13,69.731,209.94,1
19,8089,268.44,102.13,76.418,208.99,1
19,8089,181.51,106.9,69.731,211.85,1
19,8090,262.71,102.13,82.149,210.89,1
19,8090,181.51,105.95,79.284,212.8,1
19,8091,268.44,102.13,76.418,226.16,1
19,8091,181.51,109.76,82.149,225.21,1
19,8092,275.13,105.95,83.104,226.16,1
19,8092,181.51,109.76,82.149,232.84,1
19,8093,279.9,106.9,84.06,227.12,1
19,8093,188.2,113.58,82.149,225.21,1
19,8094,281.81,106.9,82.149,238.57,1
19,8094,188.2,113.58,88.836,245.25,1
19,8095,276.08,109.76,83.104,241.43,1
19,8095,195.84,117.4,85.97,252.88,1
19,8096,193.93,117.4,98.388,252.88,1
19,8097,196.8,122.17,98.388,266.24,1
19,8098,197.75,124.08,97.433,276.74,1
19,8099,197.75,125.99,95.522,274.83,1
19,8100,192.98,130.76,102.21,289.15,1
19,8101,190.11,136.48,110.81,305.37,1
19,8102,171.96,136.48,128.96,303.46,1
19,8103,157.63,139.35,131.82,313.96,1
19,8105,253.16,127.9,105.07,304.41,1
19,8106,253.16,130.76,94.567,301.55,1
19,8107,236.92,130.76,101.25,302.5,1
19,8180,310.47,120.26,96.478,259.56,1
19,8181,289.46,120.33,100.3,261.41,1
19,8182,267.49,120.51,105.07,279.35,1
19,8183,257.93,120.81,91.701,294.32,1
19,8184,250.29,121.22,86.925,294.87,1
19,8185,204.44,122.71,116.52,300.06,1
19,8186,192.98,125.59,117.33,309.58,1
19,8187,158.59,128.85,142.33,309.18,1
19,8188,148.97,132.13,145.26,329.76,1
19,8189,145.22,135.77,138.51,324.21,1
19,8254,174.83,71.593,51.582,128.83,1
19,8255,174.83,76.365,42.985,124.06,1
19,8256,167.19,74.456,46.806,125.96,1
19,8257,165.28,79.228,50.627,128.83,1
19,8258,165.28,78.273,53.493,129.78,1
19,8259,168.14,79.228,57.313,133.6,1
19,8260,167.19,82.09,64.955,137.42,1
19,8261,167.19,76.365,60.179,143.14,1
19,8262,169.1,83.045,64,142.19,1
19,8263,169.1,83.045,64,142.19,1
19,8264,180.56,83.045,58.269,150.78,1
19,8265,182.47,85.908,67.821,161.27,1
19,8266,182.47,85.908,63.045,163.18,1
19,8267,182.47,85.908,62.09,163.18,1
19,8268,188.2,90.679,57.313,168.91,1
19,8269,188.2,87.816,62.09,176.54,1
19,8270,188.2,96.405,77.373,184.17,1
19,8271,182.47,90.679,83.104,189.9,1
19,8272,179.46,92.508,77.518,203.34,1
19,8273,176.84,94.717,89.152,203.56,1
19,8274,174.77,97.251,91.717,211.25,1
19,8275,173.41,100.06,93.868,219.44,1
19,8275,312.04,137.2,121.21,311.87,1
19,8276,172.92,103.08,95.522,228.07,1
19,8276,304.74,132.67,113.67,312.05,1
19,8277,172.94,106.45,96.872,237.28,1
19,8277,302.83,119.31,105.07,291.05,1
19,8278,173.1,110.29,98.105,247.19,1
19,8278,292.04,123.94,113,287.37,1
19,8279,173.54,114.54,99.142,257.74,1
19,8279,292.32,120.02,102.21,269.35,1
19,8280,172.92,126.94,108.9,278.65,1
19,8280,287.54,109.76,91.701,256.7,1
19,8281,175.78,124.08,100.3,280.56,1
19,8281,275.13,113.08,89.791,250.53,1
19,8282,174.83,136.48,101.25,308.23,1
19,8282,265.57,106.9,85.015,232.84,1
19,8283,164.32,131.71,128,313.96,1
19,8283,256.02,102.13,90.925,236.3,1
19,8284,256.38,104.28,86.565,224.97,1
19,8285,250.29,96.405,80.239,207.08,1
19,8286,245.51,95.45,76.272,210.99,1
19,8287,236.92,97.359,77.373,200.4,1
19,8288,233.1,87.816,71.642,192.76,1
19,8289,227.37,91.633,77.373,188.95,1
19,8290,227.37,91.633,69.731,177.5,1
19,8291,223.54,85.908,65.91,175.59,1
19,8292,214.95,88.77,64,169.86,1
19,8293,206.35,83.045,63.045,164.14,1
19,8294,202.53,81.136,65.91,165.09,1
19,8295,202.53,83.045,62.09,163.18,1
19,8296,198.71,79.228,59.224,151.73,1
19,8297,191.07,81.136,56.358,148.87,1
19,8298,183.43,83.999,58.269,144.1,1
19,8299,169.1,78.273,59.224,139.32,1
19,8300,160.5,80.182,63.045,137.42,1
19,8375,163.37,80.182,49.672,143.14,1
19,8376,166.23,80.182,55.403,144.1,1
19,8377,176.74,80.182,63.045,146.96,1
19,8378,188.2,83.999,58.269,147.91,1
19,8379,197.75,80.182,60.179,151.73,1
19,8380,202.53,81.136,68.776,158.41,1
19,8381,208.26,84.953,62.09,160.32,1
19,8382,213.04,83.045,60.179,165.09,1
19,8383,216.86,85.908,64,167,1
19,8384,225.46,88.77,62.09,174.63,1
19,8385,229.28,86.862,64.955,177.5,1
19,8386,228.32,91.633,71.642,182.27,1
19,8387,224.5,95.45,73.552,187.04,1
19,8388,224.5,89.725,73.552,192.76,1
19,8389,224.5,96.405,77.373,201.35,1
19,8390,229.28,96.405,78.328,208.99,1
19,8391,235.01,96.405,81.194,209.94,1
19,8392,234.05,103.08,85.97,222.35,1
19,8393,234.05,103.08,86.925,229.98,1
19,8394,242.65,103.08,83.104,231.89,1
19,8395,258.89,108.81,99.343,235.71,1
19,8396,273.22,108.81,87.881,246.2,1
19,8397,295.19,109.76,95.522,251.93,1
19,8398,310.47,109.76,90.746,260.52,1
19,8399,334.35,111.67,64.955,258.61,1
19,8438,168.14,143.16,87.881,292.01,1
19,8439,176.74,141.26,97.433,279.6,1
19,8440,185.34,140.3,100.3,278.65,1
19,8441,192.98,132.67,102.21,259.56,1
19,8442,204.44,131.71,96.478,257.65,1
19,8443,207.31,131.71,93.612,254.79,1
19,8444,207.31,125.03,93.612,234.75,1
19,8445,207.31,125.03,93.612,234.75,1
19,8446,208.26,122.17,88.836,227.12,1
19,8447,216.86,116.44,82.149,215.67,1
19,8448,216.86,116.44,82.149,215.67,1
19,8449,213.99,110.72,78.328,200.4,1
19,8450,203.49,110.72,83.104,196.58,1
19,8451,203.49,110.72,83.104,196.58,1
19,8452,213.04,102.13,72.597,187.04,1
19,8453,218.77,104.04,66.866,184.17,1
19,8454,215.9,104.04,64,176.54,1
19,8455,203.49,100.22,71.642,170.82,1
19,8456,198.71,102.13,72.597,167,1
19,8457,206.35,97.359,65.91,162.23,1
19,8458,208.26,97.359,64,159.36,1
19,8459,208.26,97.359,54.448,156.5,1
19,8460,204.44,94.496,57.313,151.73,1
19,8461,202.53,92.587,52.537,151.73,1
19,8462,202.53,92.587,53.493,146,1
19,8463,201.57,88.77,50.627,140.28,1
19,8464,196.8,88.77,46.806,145.05,1
19,8465,188.2,88.77,51.582,142.19,1
19,8466,178.65,89.725,51.582,132.64,1
19,8467,171.01,89.725,64.955,132.64,1
19,8468,166.23,89.725,69.731,132.64,1
19,8660,299.96,115.49,95.522,266.24,1
19,8661,274.17,116.44,111.76,290.1,1
19,8662,258.89,124.08,113.67,303.46,1
19,8663,255.07,124.08,113.67,307.28,1
19,8664,223.54,124.08,140.42,315.86,1
19,8665,181.51,132.67,157.61,327.32,1
19,8666,155.72,132.67,158.57,337.81,1
19,8667,148.08,132.67,151.88,334.95,1
19,8668,147.13,136.48,140.42,334,1
19,9119,164.32,151.75,134.69,328.27,1
19,9120,182.47,154.62,133.73,325.41,1
19,9169,219.72,141.26,131.82,335.9,1
19,9170,227.37,141.26,114.63,326.36,1
19,9171,215.9,130.76,118.45,299.64,1
19,9172,209.22,128.85,119.4,298.69,1
19,9173,213.99,124.08,112.72,286.28,1
19,9174,217.81,118.35,106.99,266.24,1
19,9175,223.54,121.22,98.388,259.56,1
19,9176,216.86,114.54,100.3,242.39,1
19,9177,216.86,114.54,100.3,242.39,1
19,9178,219.72,108.81,90.746,233.8,1
19,9179,217.81,104.99,85.97,223.3,1
19,9180,220.68,105.95,78.328,218.53,1
19,9181,213.99,101.18,76.418,206.12,1
19,9182,206.35,99.267,78.328,206.12,1
19,9183,202.53,98.313,79.284,200.4,1
19,9184,210.17,98.313,71.642,189.9,1
19,9185,210.17,98.313,62.09,183.22,1
19,9186,199.66,92.587,66.866,179.4,1
19,9187,188.2,92.587,73.552,177.5,1
19,9188,188.2,92.587,73.552,177.5,1
19,9189,192.02,87.816,64.955,166.04,1
19,9190,192.02,87.816,58.269,164.14,1
19,9191,185.34,87.816,57.313,157.46,1
19,9192,175.78,87.816,59.224,151.73,1
19,9193,171.01,86.862,64,152.68,1
19,9194,171.01,83.999,58.269,145.05,1
19,9195,171.01,83.999,49.672,144.1,1
19,9196,163.37,83.999,51.582,138.37,1
19,9230,161.46,88.77,70.687,128.83,1
19,9231,168.14,92.587,64,131.69,1
19,9232,172.92,92.587,57.313,131.69,1
19,9233,180.56,92.587,54.448,138.37,1
19,9234,185.34,92.587,49.672,138.37,1
19,9235,189.16,92.587,64,140.28,1
19,9236,195.84,92.587,69.731,147.91,1
19,9237,198.71,92.587,66.866,155.55,1
19,9238,198.71,95.45,63.045,152.68,1
19,9239,198.71,95.45,60.179,160.32,1
19,9240,200.62,99.267,63.045,161.27,1
19,9241,207.31,99.267,71.642,166.04,1
19,9242,212.08,104.99,71.642,170.82,1
19,9243,208.26,101.18,73.552,174.63,1
19,9244,208.26,101.18,70.687,182.27,1
19,9245,209.22,105.95,71.642,188.95,1
19,9246,217.81,106.9,73.552,188.95,1
19,9247,223.54,112.63,84.06,197.53,1
19,9248,227.37,115.49,82.149,201.35,1
19,9249,223.54,114.54,84.06,199.44,1
19,9250,224.5,119.31,84.06,211.85,1
19,9251,234.05,123.12,82.149,212.8,1
19,9252,240.74,122.17,100.3,228.07,1
19,9253,254.11,125.99,106.99,234.75,1
19,9254,271.31,125.99,89.791,233.8,1
19,9255,285.63,125.99,92.657,238.57,1
19,9256,290.41,127.9,111.76,236.66,1
19,9257,302.83,127.9,110.81,248.11,1
19,9258,318.11,129.8,105.07,252.88,1
19,9259,320.02,129.8,103.16,255.75,1
19,9260,320.02,129.8,103.16,255.75,1
19,9261,294.23,130.76,131.82,257.65,1
19,9262,294.23,130.76,131.82,257.65,1
19,9263,294.23,130.76,131.82,262.43,1
19,9264,294.23,130.76,131.82,262.43,1
19,9265,285.63,130.76,140.42,262.43,1
19,9266,277.99,130.76,148.06,262.43,1
19,9267,277.99,130.76,148.06,262.43,1
19,9268,286.59,130.76,139.46,271.01,1
19,9269,290.41,134.58,135.64,269.11,1
19,9270,287.54,136.48,127.04,270.06,1
19,9271,277.04,137.44,120.36,279.6,1
19,9272,271.31,142.21,85.015,275.79,1
19,9273,270.35,141.26,67.821,279.6,1
19,9274,230.23,141.26,107.94,279.6,1
19,9275,198.71,141.26,148.06,279.6,1
19,9276,176.74,141.26,169.07,282.47,1
19,9277,167.19,147.94,152.84,292.01,1
19,9278,161.46,154.62,155.7,296.78,1
19,9279,158.59,156.52,170.03,302.5,1
19,9280,163.37,157.48,185.31,313.96,1
19,9293,161.46,82.09,60.179,140.28,1
19,9294,168.14,82.09,57.313,140.28,1
19,9295,168.14,82.09,57.313,140.28,1
19,9296,171.96,85.908,53.493,141.23,1
19,9297,182.47,85.908,49.672,147.91,1
19,9298,185.34,85.908,58.269,147.91,1
19,9299,192.02,85.908,61.134,150.78,1
19,9300,191.07,85.908,62.09,158.41,1
19,9301,194.79,86.104,58.364,161.91,1
19,9302,198.35,86.626,56.719,165.4,1
19,9303,201.7,87.409,59.1,168.9,1
19,9304,207.31,88.389,63.379,169.29,1
19,9305,207.65,89.501,73.212,175.9,1
19,9306,210.17,90.679,67.821,179.4,1
19,9307,212.34,92.256,68.767,182.9,1
19,9308,214.21,94.471,63.782,185.15,1
19,9309,220.68,97.127,65.779,186.32,1
19,9310,222.59,100.22,76.418,191.81,1
19,9311,219.19,103.08,82.687,196.74,1
19,9312,221.63,105.95,78.328,194.67,1
19,9313,223.15,105.95,75.861,206.12,1
19,9314,225.76,108.81,79.932,208.8,1
19,9315,233.1,109.76,85.015,208.99,1
19,9316,237.87,111.67,91.701,221.39,1
19,9317,237.87,115.49,89.791,224.25,1
19,9318,237.87,117.79,85.015,221.95,1
19,9319,240.27,119.48,84.529,232.67,1
19,9320,245.51,121.11,89.791,238.68,1
19,9321,250.29,118.35,99.343,244.29,1
19,9322,253.16,124.17,108.9,254.7,1
19,9323,248.61,125.6,110.58,260.91,1
19,9324,250.29,126.94,100.3,259.56,1
19,9325,252.2,132.67,98.388,274.83,1
19,9326,259.84,133.62,105.07,283.42,1
19,9327,257.93,138.39,130.87,278.65,1
19,9328,257.93,138.39,137.55,307.28,1
19,9329,252.2,144.12,130.87,308.23,1
19,9330,250.29,145.07,122.27,313,1
19,9331,259.84,152.71,116.54,327.79,1
19,9368,174.83,78.273,58.269,140.28,1
19,9369,187.25,80.182,63.045,139.32,1
19,9370,195.84,82.09,63.045,139.32,1
19,9371,209.22,80.182,58.269,142.19,1
19,9372,215.9,83.045,54.448,146.96,1
19,9373,223.54,83.045,55.403,149.82,1
19,9374,228,83.045,57.631,152.06,1
19,9375,231.92,83.045,66.861,154.97,1
19,9376,235.01,83.045,68.776,158.41,1
19,9377,237.66,83.121,67.881,163.24,1
19,9378,240.12,83.336,71.303,169.39,1
19,9379,235.01,83.673,70.873,175.27,1
19,9380,242.65,84.112,63.045,179.29,1
19,9381,248.38,85.827,62.09,181.34,1
19,9382,238.83,89.066,95.522,182.76,1
19,9383,238.9,89.725,91.633,186.85,1
19,9384,236.92,94.496,74.507,186.08,1
19,9385,234.23,90.679,79.104,193.92,1
19,9386,232.14,94.496,106.99,195.08,1
19,9387,232.14,96.379,106.99,199.47,1
19,9388,229.28,94.496,116.54,202.31,1
19,9389,221.63,97.359,124.18,208.03,1
19,9390,216.86,97.359,94.567,214.71,1
19,9391,211.13,98.321,81.194,214.7,1
19,9392,206.35,95.45,85.97,223.3,1
19,9393,209.22,101.18,88.836,227.12,1
19,9394,213.99,102.13,92.657,229.03,1
19,9395,218.77,101.18,91.701,229.03,1
19,9396,220.38,104.48,93.91,233.35,1
19,9397,223.54,106.9,85.97,236.66,1
19,9412,227.37,143.16,116.54,325.41,1
19,9413,199.66,144.12,128,320.64,1
19,9414,175.78,148.89,140.42,315.86,1
19,9415,153.81,148.89,126.09,318.73,1
19,9415,257.93,117.4,127.04,281.51,1
19,9416,147.13,153.66,122.27,313.96,1
19,9416,266.53,117.4,118.45,281.51,1
19,9423,325.24,139.14,109.04,341.36,1
19,9424,321.85,139.14,98.878,332.88,1
19,9425,290.02,139.14,114.46,332.88,1
19,9426,260.9,132.36,130.03,339.66,1
19,9427,249.39,132.36,129.35,339.66,1
19,9428,244.65,135.75,134.1,330.85,1
19,9429,229.07,137.11,146.29,329.49,1
19,9430,195.89,137.11,157.12,329.49,1
19,9431,162.7,137.11,146.29,330.85,1
19,9434,198.71,125.99,118.45,315.86,1
19,9435,176.74,126.94,128,316.82,1
19,9436,153.81,126.94,139.46,316.82,1
19,9589,170.05,82.09,56.358,144.1,1
19,9590,170.05,84.953,64,141.23,1
19,9591,170.05,84.953,69.731,147.91,1
19,9592,174.83,86.862,73.552,152.68,1
19,9593,175.78,87.816,82.149,149.82,1
19,9594,180.56,91.633,78.328,158.41,1
19,9595,180.56,91.633,82.149,158.41,1
19,9596,186.29,91.633,76.418,162.23,1
19,9597,192.98,95.45,78.328,167.95,1
19,9598,199.66,93.542,82.149,175.59,1
19,9599,199.66,92.587,88.836,186.08,1
19,9600,199.66,92.587,90.746,192.76,1
19,9601,199.66,92.587,90.746,192.76,1
19,9602,205.4,99.267,88.836,201.35,1
19,9603,215.9,100.22,84.06,208.99,1
19,9604,222.59,101.18,81.194,208.03,1
19,9605,222.59,104.99,83.104,220.44,1
19,9606,222.59,106.9,77.373,227.12,1
19,9607,222.59,106.9,77.373,227.12,1
19,9608,222.59,114.54,78.328,237.61,1
19,9609,226.41,116.44,79.284,247.16,1
19,9610,226.41,116.44,79.284,258.61,1
19,9611,227.37,123.12,78.328,277.69,1
19,9612,227.37,123.12,78.328,277.69,1
19,9613,227.37,123.12,85.97,279.6,1
19,9614,227.37,123.12,89.791,296.78,1
19,9615,230.23,126.94,101.25,306.32,1
19,9616,230.23,128.85,107.94,304.41,1
19,9617,198.71,134.58,123.22,305.37,1
19,9618,194.89,137.44,116.54,310.14,1
19,9619,158.59,139.35,140.42,309.18,1
19,9620,149.04,139.35,114.63,319.68,1
19,9768,264.62,143.16,140.42,334.95,1
19,9769,256.98,140.3,148.06,337.81,1
19,9770,245.51,139.35,136.6,332.09,1
19,9771,232.14,127.9,121.31,303.46,1
19,9772,220.68,126.94,112.72,301.55,1
19,9773,201.57,129.8,114.63,292.96,1
19,9774,175.78,121.22,120.36,271.01,1
19,9775,169.1,123.12,117.49,267.2,1
19,9859,167.19,107.86,130.87,327.32,1
19,9860,194.89,110.72,142.33,318.73,1
19,9861,236.92,104.04,109.85,306.32,1
19,9862,277.99,104.04,96.478,306.32,1
19,9863,295.19,106.9,92.657,294.87,1
19,9864,326.71,102.13,80.239,276.74,1
